0.000010 0.915518 0.000010 0.000010 0.042461 0.026656 0.000010 0.015325
0.453135 0.000010 0.000010 0.471342 0.000010 0.028629 0.023386 0.023477
0.035170 0.000010 0.000010 0.063424 0.794370 0.104929 0.002077 0.000010
0.475690 0.000010 0.008409 0.439208 0.062489 0.005952 0.008231 0.000010
0.000010 0.999930 0.000010 0.000010 0.000010 0.000010 0.000010 0.000010
0.015788 0.001554 0.001599 0.003129 0.929032 0.048878 0.000010 0.000010
0.000010 0.977899 0.000010 0.000010 0.000010 0.014999 0.000010 0.007052
0.000010 0.002578 0.508719 0.032205 0.193292 0.221927 0.000010 0.041259
0.011155 0.000010 0.003184 0.047670 0.843857 0.059408 0.000010 0.034706
0.000010 0.000010 0.013597 0.097501 0.472770 0.341885 0.002487 0.071739
0.796069 0.000586 0.007045 0.196260 0.000010 0.000010 0.000010 0.000010
0.000010 0.028451 0.003901 0.136176 0.060656 0.151853 0.006866 0.612087
0.010665 0.001372 0.000010 0.069186 0.785939 0.096698 0.006376 0.029755
0.022545 0.013007 0.006118 0.028726 0.852258 0.063849 0.006554 0.006943
0.010126 0.005386 0.021952 0.097787 0.067111 0.088504 0.013839 0.695293
0.790797 0.000376 0.054573 0.141121 0.000010 0.000010 0.001163 0.011950
0.010674 0.000010 0.020018 0.066587 0.373886 0.355968 0.006829 0.166027
0.012335 0.000010 0.010086 0.023112 0.746804 0.136036 0.000476 0.071142
0.006921 0.974177 0.004265 0.000010 0.003649 0.006136 0.000010 0.004832
0.000010 0.000010 0.999930 0.000010 0.000010 0.000010 0.000010 0.000010
0.000010 0.000010 0.004209 0.044957 0.694203 0.206327 0.008794 0.041490
0.588687 0.000010 0.017758 0.287847 0.000010 0.022177 0.000010 0.083501
0.006341 0.003144 0.003410 0.063022 0.644947 0.197304 0.000010 0.081822
0.010607 0.000010 0.006071 0.016880 0.887116 0.059496 0.018824 0.000996
0.027752 0.000010 0.005575 0.044406 0.461217 0.389342 0.000010 0.071688
0.761139 0.000010 0.033076 0.170995 0.003197 0.017788 0.013784 0.000010
0.014663 0.022705 0.027767 0.048358 0.472296 0.276554 0.011066 0.126591
0.003565 0.959481 0.000010 0.006545 0.027188 0.000010 0.000010 0.003191
0.000010 0.001814 0.000010 0.054213 0.417142 0.447485 0.008156 0.071169
0.000010 0.003649 0.000010 0.058311 0.887695 0.019203 0.007682 0.023441
0.463960 0.004435 0.033142 0.422797 0.028292 0.021114 0.016647 0.009614
0.037615 0.956403 0.000072 0.000010 0.000010 0.000010 0.000010 0.005870
0.000010 0.000010 0.000010 0.086221 0.615889 0.222679 0.006699 0.068482
0.020154 0.032686 0.008565 0.321806 0.016706 0.003325 0.000010 0.596749
0.021092 0.006399 0.004548 0.072041 0.258284 0.140855 0.010276 0.486506
0.642445 0.000010 0.028199 0.290875 0.028746 0.007936 0.001779 0.000010
0.000010 0.992398 0.000010 0.000010 0.000010 0.004515 0.000010 0.003037
0.000010 0.000010 0.999930 0.000010 0.000010 0.000010 0.000010 0.000010
0.356836 0.011225 0.000010 0.498706 0.032196 0.028803 0.000010 0.072214
0.004546 0.002465 0.011096 0.073537 0.239725 0.530379 0.000010 0.138241
0.000010 0.999930 0.000010 0.000010 0.000010 0.000010 0.000010 0.000010
0.196235 0.629012 0.034976 0.021159 0.049191 0.015510 0.053907 0.000010
0.000010 0.012678 0.000010 0.135409 0.186110 0.173234 0.000010 0.492539
0.000010 0.947567 0.000010 0.016485 0.015593 0.015507 0.004319 0.000508
0.483744 0.000010 0.016101 0.371609 0.061023 0.039030 0.025690 0.002792
0.001080 0.693443 0.009504 0.000010 0.181178 0.068096 0.001630 0.045059
0.000010 0.011043 0.013269 0.100173 0.004641 0.192816 0.009344 0.668704
0.000010 0.006113 0.012989 0.257892 0.000010 0.041703 0.000010 0.681273
0.024420 0.000296 0.003770 0.062032 0.142272 0.341657 0.008414 0.417139
0.501381 0.000010 0.014696 0.411700 0.035942 0.020798 0.015463 0.000010
0.005174 0.000010 0.000010 0.109023 0.732625 0.135020 0.007140 0.010997
0.853187 0.004202 0.026447 0.073029 0.017297 0.000010 0.009322 0.016506
0.019498 0.000010 0.020887 0.075504 0.298742 0.523922 0.000010 0.061428
0.044393 0.003830 0.000010 0.029287 0.579597 0.277065 0.002525 0.063293
0.005422 0.504796 0.000010 0.015700 0.306662 0.110726 0.000010 0.056675
0.408909 0.000010 0.008187 0.448375 0.101211 0.025151 0.008147 0.000010
0.000010 0.000010 0.982143 0.000010 0.000010 0.000010 0.017797 0.000010
0.000010 0.007529 0.000010 0.047830 0.891956 0.046326 0.000010 0.006329
0.000010 0.000010 0.999930 0.000010 0.000010 0.000010 0.000010 0.000010
0.006896 0.004866 0.007292 0.059222 0.326696 0.217203 0.004833 0.372991
0.038975 0.008230 0.007327 0.062346 0.034113 0.135718 0.009350 0.703940
0.538731 0.009358 0.000010 0.298785 0.000010 0.038934 0.012878 0.101295
0.000010 0.009456 0.000010 0.025104 0.503304 0.335581 0.015006 0.111529
0.009099 0.000010 0.009471 0.049744 0.752468 0.145819 0.000890 0.032499
0.000010 0.113871 0.007332 0.000010 0.393028 0.149946 0.020239 0.315565
0.000010 0.000010 0.001574 0.054961 0.859543 0.072531 0.001604 0.009767
0.012943 0.000010 0.000010 0.034561 0.800364 0.102714 0.021387 0.028012
0.026914 0.000010 0.000010 0.027801 0.552940 0.253582 0.002810 0.135932
0.011754 0.949772 0.000017 0.000570 0.000010 0.000010 0.000573 0.037293
0.017008 0.000010 0.000394 0.058820 0.691174 0.161241 0.014424 0.056929
0.000010 0.000018 0.999922 0.000010 0.000010 0.000010 0.000010 0.000010
0.000010 0.703553 0.008650 0.000010 0.160226 0.088301 0.004338 0.034912
0.015647 0.000010 0.000010 0.053101 0.748012 0.115294 0.005125 0.062801
0.000010 0.004536 0.000010 0.055800 0.753028 0.138526 0.008060 0.040030
0.255649 0.043368 0.008616 0.513209 0.000010 0.000010 0.005017 0.174122
0.033176 0.000010 0.007091 0.033146 0.693710 0.174239 0.000010 0.058617
0.000010 0.000010 0.003609 0.072904 0.860935 0.052289 0.010233 0.000010
0.009765 0.732687 0.000010 0.025869 0.189160 0.038636 0.003862 0.000010
0.000013 0.951028 0.001902 0.000010 0.027268 0.008583 0.011187 0.000010
0.003844 0.000010 0.001374 0.076123 0.260932 0.554753 0.013739 0.089225
0.029466 0.001796 0.001359 0.072156 0.410651 0.443706 0.003594 0.037273
0.000010 0.022509 0.006714 0.118960 0.038486 0.134918 0.013123 0.665279
0.042060 0.073946 0.012612 0.088635 0.253686 0.088885 0.004488 0.435689
0.000010 0.000010 0.011249 0.053430 0.463396 0.442777 0.000010 0.029118
0.000010 0.000010 0.000010 0.083529 0.832053 0.048645 0.000010 0.035733
0.019903 0.000010 0.000010 0.052073 0.916595 0.005701 0.005697 0.000010
0.599287 0.006176 0.000010 0.328196 0.000010 0.029509 0.003700 0.033112
0.038370 0.565994 0.041925 0.031391 0.170440 0.116814 0.000010 0.035055
0.297738 0.002075 0.245444 0.067826 0.199999 0.114095 0.027936 0.044888
0.660287 0.003896 0.021663 0.215691 0.000010 0.000010 0.011260 0.087184
0.030271 0.000010 0.000010 0.037068 0.861675 0.024712 0.000010 0.046243
0.012878 0.000010 0.010376 0.057039 0.545276 0.344257 0.030155 0.000010
0.000014 0.009149 0.000010 0.043636 0.814831 0.111076 0.021274 0.000010
0.000010 0.926735 0.000010 0.015321 0.027874 0.012892 0.000257 0.016901
0.000010 0.000010 0.009286 0.055823 0.216128 0.614632 0.006193 0.097917
0.003342 0.820357 0.000010 0.000010 0.129776 0.000010 0.000010 0.046486
0.751499 0.000010 0.064963 0.116631 0.041182 0.000010 0.017641 0.008063
0.005134 0.008217 0.004285 0.083307 0.787130 0.076500 0.000010 0.035417
0.011901 0.004186 0.000010 0.049036 0.796772 0.108949 0.005850 0.023295
0.020635 0.000010 0.009859 0.110415 0.077772 0.103930 0.000010 0.677369
0.024850 0.000010 0.000010 0.017994 0.706825 0.087633 0.013372 0.149305
0.008367 0.004556 0.000010 0.067325 0.713698 0.144403 0.001836 0.059805
0.007765 0.005141 0.000010 0.000010 0.520950 0.318590 0.007593 0.139940
0.013902 0.019365 0.000010 0.177480 0.088534 0.075302 0.000010 0.625397
0.031842 0.000010 0.000010 0.005802 0.560584 0.284947 0.012076 0.104728
0.003798 0.015364 0.004276 0.033325 0.820390 0.069414 0.002231 0.051201
0.011522 0.044072 0.000010 0.084621 0.498240 0.096420 0.000010 0.265105
0.024840 0.000010 0.000010 0.032528 0.503640 0.314408 0.013393 0.111172
0.488256 0.015923 0.024588 0.002088 0.308785 0.086584 0.015725 0.058050
0.000010 0.011113 0.000010 0.000010 0.253088 0.122805 0.000010 0.612954
0.087143 0.002941 0.010304 0.483343 0.000010 0.000010 0.001416 0.414833
0.000010 0.977220 0.000010 0.000010 0.009927 0.009067 0.000010 0.003747
0.000010 0.000010 0.017230 0.082857 0.838905 0.023530 0.000010 0.037448
0.000010 0.004177 0.007024 0.030957 0.707419 0.197532 0.001181 0.051700
0.019031 0.000010 0.003961 0.060595 0.379668 0.416265 0.002513 0.117958
0.000010 0.879682 0.000010 0.000010 0.084647 0.006459 0.004180 0.025002
0.000010 0.024756 0.000010 0.142737 0.177868 0.140709 0.000010 0.513901
0.471729 0.000010 0.069987 0.381388 0.000010 0.029903 0.008258 0.038714
0.012700 0.002907 0.028237 0.041825 0.065975 0.836638 0.011709 0.000010
0.000010 0.849216 0.000010 0.007018 0.077599 0.027465 0.008706 0.029976
0.020328 0.001692 0.000175 0.021032 0.715331 0.139514 0.013231 0.088697
0.000010 0.208765 0.000010 0.019871 0.417189 0.245197 0.020553 0.088405
0.000010 0.004049 0.010083 0.037892 0.524762 0.274023 0.014519 0.134662
0.005702 0.881928 0.000010 0.000010 0.059917 0.028804 0.002389 0.021241
0.000010 0.000010 0.999930 0.000010 0.000010 0.000010 0.000010 0.000010
0.043524 0.000010 0.015432 0.088813 0.079551 0.163185 0.000010 0.609475
0.486408 0.000010 0.010928 0.450735 0.006987 0.000010 0.021716 0.023207
0.000010 0.001407 0.006311 0.054545 0.337691 0.471637 0.020749 0.107650
0.000010 0.007221 0.011267 0.067967 0.205016 0.594320 0.011948 0.102251
0.000010 0.000010 0.012362 0.046953 0.760716 0.127910 0.000010 0.052028
0.010001 0.007252 0.000010 0.069140 0.358444 0.328218 0.006151 0.220782
0.002527 0.963397 0.005907 0.001493 0.009961 0.000461 0.016244 0.000010
0.000010 0.894321 0.000010 0.000010 0.045292 0.055040 0.002212 0.003105
0.011522 0.000010 0.005158 0.080893 0.383914 0.415610 0.003331 0.099562
0.000010 0.006483 0.014401 0.096454 0.000010 0.783105 0.009619 0.089919
0.097694 0.767182 0.000010 0.065649 0.039399 0.023093 0.000423 0.006550
0.020565 0.000010 0.000010 0.036112 0.675500 0.191864 0.004741 0.071199
0.006628 0.007982 0.001227 0.051378 0.524677 0.330278 0.000010 0.077820
0.025358 0.006044 0.014360 0.078617 0.039715 0.168274 0.012192 0.655440
0.001352 0.000193 0.000010 0.043671 0.813955 0.053577 0.008107 0.079136
0.000521 0.991170 0.000010 0.000010 0.008259 0.000010 0.000010 0.000010
0.014778 0.000010 0.007201 0.000010 0.874668 0.031654 0.007229 0.064450
0.000010 0.000010 0.009413 0.062696 0.897338 0.015873 0.001949 0.012711
0.000010 0.000010 0.003069 0.084372 0.823105 0.064308 0.000010 0.025117
0.013932 0.044597 0.001706 0.007698 0.181933 0.109472 0.402539 0.238122
0.000010 0.999930 0.000010 0.000010 0.000010 0.000010 0.000010 0.000010
0.019853 0.005835 0.000010 0.000010 0.502535 0.342894 0.019229 0.109635
0.000010 0.000010 0.015798 0.075627 0.461343 0.310655 0.001715 0.134843
0.296161 0.000010 0.021193 0.006474 0.343988 0.255066 0.000010 0.077098
0.008761 0.006997 0.001799 0.077937 0.093715 0.720160 0.010077 0.080555
0.007735 0.964050 0.000010 0.006103 0.000010 0.000190 0.000010 0.021893
0.802705 0.000010 0.000010 0.169776 0.007596 0.003557 0.016336 0.000010
0.714162 0.011276 0.057750 0.094442 0.038367 0.013920 0.004821 0.065261
0.016818 0.000010 0.000010 0.066331 0.656771 0.214183 0.003972 0.041905
0.000010 0.000531 0.008706 0.026003 0.582033 0.273318 0.000010 0.109388
0.021037 0.000010 0.000010 0.038908 0.781788 0.105640 0.000010 0.052597
0.000140 0.973249 0.000010 0.011564 0.000010 0.001955 0.000010 0.013062
0.458078 0.000010 0.085049 0.320214 0.008116 0.069632 0.017581 0.041320
0.490553 0.000010 0.011543 0.400908 0.039925 0.003496 0.016070 0.037496
0.001091 0.130349 0.014274 0.071241 0.139275 0.057753 0.273768 0.312250
0.002762 0.000010 0.000010 0.040049 0.826696 0.078430 0.004465 0.047578
0.008593 0.000010 0.000010 0.073538 0.793411 0.094463 0.000010 0.029966
0.002073 0.004374 0.020104 0.022971 0.836689 0.074143 0.002416 0.037231
0.000010 0.002077 0.000010 0.037895 0.955491 0.000010 0.004497 0.000010
0.293956 0.000010 0.000010 0.187582 0.415177 0.041490 0.000010 0.061766
0.000010 0.007400 0.001613 0.110230 0.087085 0.525423 0.000010 0.268230
0.704929 0.000010 0.011504 0.214654 0.036869 0.009841 0.012584 0.009608
0.012787 0.686163 0.000698 0.000010 0.169682 0.064675 0.000010 0.065974
0.012117 0.000010 0.005061 0.012355 0.659580 0.223900 0.005099 0.081877
0.000010 0.000010 0.017628 0.041871 0.852510 0.059680 0.004692 0.023600
0.018989 0.000010 0.000010 0.000879 0.444129 0.287409 0.011699 0.236875
0.000010 0.016693 0.007651 0.177447 0.337299 0.095429 0.001047 0.364424
0.013548 0.000010 0.005971 0.009620 0.459486 0.375670 0.003936 0.131759
0.478831 0.000010 0.015407 0.430437 0.000010 0.035655 0.020343 0.019308
0.004559 0.987217 0.000010 0.003467 0.000010 0.004717 0.000010 0.000010
0.000010 0.996277 0.003484 0.000189 0.000010 0.000010 0.000010 0.000010
0.434736 0.000010 0.000010 0.447091 0.087816 0.001253 0.029074 0.000010
0.000010 0.998500 0.001440 0.000010 0.000010 0.000010 0.000010 0.000010
0.000010 0.715648 0.000010 0.018539 0.172120 0.079605 0.009512 0.004557
0.571125 0.072048 0.041601 0.226782 0.000010 0.017775 0.010787 0.059871
0.012088 0.000010 0.000010 0.067762 0.575816 0.272383 0.015370 0.056561
0.805285 0.000010 0.006104 0.173972 0.006043 0.007971 0.000010 0.000605
0.012724 0.004238 0.000010 0.038346 0.832693 0.111968 0.000010 0.000010
0.405327 0.000010 0.021418 0.510559 0.021463 0.000010 0.022602 0.018611
0.394584 0.016456 0.267428 0.036181 0.140917 0.049385 0.015439 0.079609
0.007488 0.003718 0.015528 0.128384 0.109862 0.464799 0.000371 0.269852
0.402431 0.004698 0.026008 0.082252 0.281796 0.149695 0.017645 0.035475
0.012665 0.003789 0.019272 0.018230 0.576999 0.253717 0.022717 0.092610
0.351139 0.032092 0.117307 0.059955 0.137815 0.165838 0.003048 0.132806
0.007101 0.005586 0.000010 0.094397 0.779375 0.110833 0.001878 0.000821
0.000010 0.016132 0.016788 0.154967 0.048848 0.076085 0.000010 0.687160
0.008479 0.002557 0.005330 0.059438 0.727496 0.134680 0.017097 0.044923
0.809649 0.006964 0.033816 0.102419 0.020728 0.019142 0.007273 0.000010
0.016823 0.000010 0.016554 0.025973 0.812118 0.085681 0.000010 0.042832
0.731906 0.000010 0.017002 0.224764 0.010259 0.001693 0.008376 0.005990
0.019523 0.233473 0.014938 0.033303 0.402226 0.233982 0.000010 0.062546
0.851052 0.004861 0.027515 0.110401 0.000010 0.000010 0.000010 0.006141
0.000010 0.000010 0.997848 0.000010 0.000014 0.002088 0.000010 0.000010
0.000010 0.013784 0.009267 0.242472 0.024916 0.056804 0.000010 0.652735
0.003531 0.005336 0.000010 0.087505 0.621954 0.164633 0.007792 0.109240
0.007621 0.009776 0.009066 0.017672 0.377530 0.383888 0.010750 0.183696
0.010903 0.000465 0.988117 0.000475 0.000010 0.000010 0.000010 0.000010
0.873967 0.006905 0.021064 0.098024 0.000010 0.000010 0.000010 0.000010
0.009696 0.000010 0.003493 0.031043 0.480628 0.304044 0.002779 0.168306
0.004788 0.007098 0.000010 0.055004 0.719449 0.187430 0.003454 0.022766
0.000655 0.005496 0.015741 0.061330 0.336270 0.177499 0.000010 0.403000
0.017627 0.000010 0.000010 0.017626 0.640480 0.187015 0.000010 0.137223
0.000010 0.847532 0.000010 0.000010 0.075122 0.068642 0.002783 0.005891
0.000010 0.000318 0.999622 0.000010 0.000010 0.000010 0.000010 0.000010
0.000010 0.757040 0.000010 0.042918 0.117161 0.082772 0.000010 0.000078
0.000010 0.949998 0.000017 0.000010 0.029261 0.017255 0.003440 0.000010
0.000010 0.006526 0.028797 0.050330 0.373179 0.519637 0.005899 0.015621
0.011093 0.000010 0.000358 0.054063 0.854061 0.030456 0.015346 0.034613
0.803298 0.000010 0.000010 0.188633 0.000010 0.008018 0.000010 0.000010
0.865467 0.018354 0.021926 0.067116 0.000010 0.000521 0.011811 0.014796
0.020912 0.002923 0.005090 0.024680 0.359565 0.436667 0.010285 0.139877
0.000010 0.778368 0.000010 0.014374 0.139878 0.051847 0.000010 0.015503
0.038381 0.000010 0.000010 0.015620 0.354373 0.511845 0.005907 0.073854
0.000010 0.973928 0.000010 0.000010 0.000010 0.022934 0.000010 0.003088
0.011551 0.000010 0.004974 0.049755 0.759954 0.110153 0.000010 0.063593
0.000010 0.000010 0.009542 0.081540 0.720767 0.123458 0.005480 0.059194
0.000010 0.966902 0.003661 0.000010 0.008903 0.013961 0.000010 0.006542
0.358456 0.000010 0.051536 0.090603 0.045780 0.052044 0.003737 0.397834
0.000010 0.014686 0.000010 0.000010 0.536915 0.155723 0.006265 0.286381
0.025059 0.000010 0.006869 0.052811 0.390840 0.418744 0.004358 0.101309
0.016285 0.001754 0.006682 0.057279 0.767825 0.093865 0.000010 0.056301
0.018718 0.000010 0.005442 0.105831 0.189188 0.192413 0.000010 0.488388
0.803249 0.000010 0.006112 0.170273 0.000010 0.000010 0.002429 0.017907
0.011521 0.003203 0.000010 0.078534 0.770181 0.090966 0.005248 0.040338
0.000010 0.818168 0.000010 0.007030 0.157147 0.008738 0.000010 0.008886
0.000010 0.000010 0.000085 0.220895 0.076050 0.293382 0.000010 0.409559
0.000010 0.987896 0.000010 0.000010 0.003885 0.000010 0.006004 0.002175
0.000010 0.011110 0.000010 0.034702 0.810959 0.091342 0.011986 0.039881
0.000010 0.005238 0.000010 0.046238 0.901110 0.035979 0.011405 0.000010
0.002143 0.001900 0.000010 0.090424 0.902574 0.000010 0.002928 0.000010
0.000010 0.000010 0.006379 0.284868 0.015501 0.051240 0.011854 0.630137
0.441597 0.000010 0.152901 0.090685 0.182745 0.105759 0.000010 0.026293
0.852586 0.006200 0.019966 0.069334 0.012004 0.022128 0.017064 0.000717
0.000010 0.004685 0.007221 0.041379 0.596059 0.262888 0.000010 0.087748
0.011420 0.003715 0.000010 0.079629 0.329773 0.529305 0.013663 0.032485
0.109052 0.025030 0.865868 0.000010 0.000010 0.000010 0.000010 0.000010
0.001373 0.941675 0.000010 0.012768 0.023725 0.000502 0.019062 0.000885
0.535249 0.000010 0.001422 0.374728 0.050007 0.019832 0.018741 0.000010
0.035840 0.000010 0.000010 0.076475 0.124960 0.642952 0.000010 0.119743
0.000010 0.000010 0.002938 0.065690 0.864445 0.061984 0.002256 0.002668
0.012504 0.000010 0.000010 0.088319 0.176342 0.629421 0.009744 0.083650
0.000010 0.000010 0.996369 0.000010 0.000010 0.000010 0.003571 0.000010
0.009898 0.508515 0.000010 0.012479 0.276797 0.159289 0.000010 0.033001
0.000010 0.998828 0.001112 0.000010 0.000010 0.000010 0.000010 0.000010
0.024412 0.017324 0.001664 0.012556 0.571451 0.313499 0.000010 0.059084
0.000010 0.865726 0.007312 0.000010 0.087906 0.016281 0.001190 0.021565
0.000010 0.931924 0.000010 0.000010 0.062535 0.003380 0.000010 0.002121
0.604607 0.000010 0.009604 0.346280 0.000010 0.000010 0.000010 0.039470
0.007441 0.013193 0.004701 0.040868 0.833552 0.093452 0.000010 0.006783
0.048181 0.541958 0.012212 0.000010 0.000010 0.000010 0.000010 0.397610
0.000010 0.000010 0.006177 0.029786 0.438821 0.324130 0.013582 0.187483
0.020833 0.000010 0.000010 0.029936 0.821470 0.122085 0.001391 0.004265
0.065992 0.078686 0.005470 0.390378 0.000010 0.000010 0.001642 0.457813
0.025939 0.005900 0.018195 0.070710 0.082429 0.135376 0.000010 0.661441
0.537701 0.000010 0.032966 0.339780 0.000704 0.022652 0.007165 0.059023
0.035424 0.008242 0.006486 0.034091 0.076687 0.137765 0.000010 0.701296
0.772559 0.000010 0.039755 0.148113 0.034273 0.000010 0.005270 0.000010
0.000010 0.000010 0.014977 0.031273 0.869890 0.081393 0.002436 0.000010
0.000010 0.000010 0.000010 0.056355 0.867454 0.054126 0.005016 0.017020
0.000010 0.003199 0.014102 0.046485 0.502943 0.317026 0.008171 0.108064
0.011034 0.002551 0.026721 0.004572 0.299177 0.517838 0.003998 0.134110
0.000010 0.000825 0.005124 0.022785 0.481339 0.375357 0.004489 0.110071
0.003264 0.000010 0.000010 0.053971 0.852426 0.044443 0.012741 0.033135
0.013767 0.008200 0.006030 0.104930 0.018200 0.154707 0.004794 0.689372
0.000010 0.995167 0.000014 0.000588 0.004191 0.000010 0.000010 0.000010
0.451494 0.004653 0.022342 0.454245 0.000010 0.036490 0.006042 0.024725
0.000010 0.000010 0.999930 0.000010 0.000010 0.000010 0.000010 0.000010
0.005218 0.026526 0.000010 0.131656 0.165246 0.212413 0.003157 0.455772
0.086124 0.003512 0.016572 0.448879 0.000010 0.034775 0.001267 0.408862
0.453352 0.000010 0.017555 0.475354 0.024233 0.001423 0.006154 0.021919
0.680856 0.004964 0.026900 0.177593 0.080045 0.011975 0.017657 0.000010
0.005379 0.005950 0.011808 0.072826 0.844766 0.046452 0.006260 0.006560
0.819688 0.000837 0.028173 0.096937 0.000010 0.033916 0.000010 0.020429
0.005830 0.004837 0.006170 0.033616 0.827442 0.108860 0.002401 0.010842
0.031505 0.944955 0.011540 0.000010 0.000010 0.000010 0.000010 0.011960
0.005801 0.000010 0.000019 0.054906 0.929658 0.009581 0.000015 0.000010
0.541989 0.000242 0.015276 0.381684 0.036597 0.000010 0.000010 0.024192
0.026657 0.000010 0.000010 0.027435 0.470130 0.313807 0.005248 0.156703
0.000010 0.987233 0.000010 0.000010 0.006350 0.003071 0.000236 0.003079
0.000010 0.986585 0.000010 0.000010 0.005880 0.004105 0.003390 0.000010
0.020994 0.033444 0.000010 0.031785 0.252121 0.085449 0.326005 0.250192
0.000010 0.999930 0.000010 0.000010 0.000010 0.000010 0.000010 0.000010
0.038891 0.006134 0.000010 0.057665 0.242018 0.562597 0.000081 0.092604
0.016946 0.000010 0.000010 0.063573 0.763760 0.110064 0.009326 0.036311
0.037188 0.198316 0.000010 0.000010 0.262435 0.207814 0.228236 0.065992
0.000010 0.009943 0.000017 0.053188 0.617996 0.239385 0.000010 0.079451
0.213779 0.719277 0.011880 0.020817 0.012120 0.000010 0.017769 0.004348
0.028246 0.000010 0.005890 0.021683 0.756811 0.175914 0.000010 0.011436
0.000010 0.925768 0.000010 0.000010 0.064336 0.000010 0.000010 0.009846
0.057441 0.000010 0.921760 0.000010 0.012232 0.007024 0.001514 0.000010
0.010685 0.000010 0.027794 0.069592 0.063941 0.746384 0.014801 0.066793
0.842388 0.000010 0.018968 0.137292 0.000010 0.000010 0.000010 0.001311
0.006771 0.965326 0.000010 0.000010 0.007337 0.000010 0.011090 0.009446
0.013908 0.000918 0.017606 0.076784 0.026593 0.752502 0.004732 0.106957
0.006571 0.000010 0.013469 0.046338 0.905424 0.015553 0.004546 0.008089
0.028111 0.003340 0.000010 0.074592 0.319594 0.497203 0.000010 0.077141
0.013046 0.000010 0.004218 0.046268 0.491438 0.342367 0.005517 0.097136
0.113854 0.005298 0.874125 0.000010 0.000010 0.005361 0.001333 0.000010
0.022729 0.000010 0.064042 0.047951 0.033109 0.789520 0.042628 0.000010
0.004815 0.000010 0.021117 0.030183 0.321367 0.562219 0.009797 0.050492
0.015789 0.000381 0.000010 0.021246 0.604378 0.248981 0.009476 0.099740
0.010154 0.000010 0.025492 0.095141 0.000010 0.854813 0.008502 0.005879
0.000010 0.000010 0.003702 0.069044 0.786700 0.138959 0.001565 0.000010
0.524744 0.000170 0.027102 0.335819 0.056310 0.026504 0.017824 0.011526
0.000010 0.003099 0.000010 0.074949 0.275711 0.218143 0.000961 0.427117
0.000010 0.742871 0.000010 0.000010 0.114503 0.093608 0.006288 0.042701
0.000772 0.000010 0.006138 0.048828 0.783997 0.129460 0.000010 0.030785
0.022683 0.000010 0.002537 0.066510 0.047781 0.775226 0.016407 0.068846
0.011959 0.021767 0.000010 0.000019 0.409800 0.159378 0.030876 0.366190
0.000010 0.003259 0.002680 0.038512 0.762114 0.168883 0.009994 0.014548
0.759474 0.021596 0.013848 0.162485 0.008193 0.000010 0.006746 0.027648
0.011711 0.000010 0.000010 0.086222 0.775117 0.107885 0.012771 0.006273
0.007666 0.010824 0.012331 0.088793 0.192723 0.430750 0.001041 0.255872
0.477165 0.009654 0.025095 0.433116 0.013223 0.029195 0.001968 0.010583
0.000010 0.001049 0.998891 0.000010 0.000010 0.000010 0.000010 0.000010
0.000010 0.815361 0.000010 0.008483 0.067505 0.075066 0.011174 0.022391
0.002540 0.000240 0.000010 0.059000 0.930325 0.000010 0.007865 0.000010
0.000010 0.007454 0.000010 0.045528 0.888536 0.000010 0.013356 0.045095
0.023683 0.000010 0.000010 0.051314 0.841215 0.039598 0.000010 0.044159
0.000010 0.865948 0.000010 0.016792 0.079316 0.029670 0.000010 0.008243
0.017125 0.004422 0.006513 0.042696 0.396343 0.363475 0.005197 0.164229
0.000010 0.241410 0.008174 0.000010 0.106058 0.022338 0.000010 0.621990
0.041051 0.000924 0.938827 0.000010 0.017071 0.000010 0.001777 0.000330
0.000010 0.011091 0.006643 0.056325 0.399128 0.484463 0.012774 0.029566
0.466031 0.000010 0.017637 0.400183 0.030352 0.059867 0.025910 0.000010
0.000010 0.003869 0.001863 0.121045 0.176930 0.205083 0.016888 0.474311
0.011116 0.000947 0.000010 0.015597 0.494644 0.337577 0.009500 0.130608
0.013670 0.000010 0.002543 0.053419 0.854925 0.067535 0.007888 0.000010
0.000010 0.000163 0.000932 0.035978 0.895529 0.017845 0.010819 0.038724
0.024500 0.000010 0.000010 0.042934 0.368615 0.529988 0.009619 0.024323
0.000010 0.000010 0.000076 0.041962 0.514616 0.322576 0.018758 0.101992
0.000010 0.005068 0.013415 0.044165 0.436557 0.381782 0.022457 0.096545
0.004332 0.000010 0.007728 0.056495 0.847365 0.070562 0.000010 0.013498
0.414089 0.000010 0.000010 0.479288 0.043717 0.049295 0.013582 0.000010
0.772362 0.007012 0.029181 0.160328 0.027506 0.000010 0.003592 0.000010
0.020001 0.000010 0.017090 0.087037 0.000010 0.796607 0.006404 0.072841
0.016836 0.002922 0.012132 0.004261 0.811579 0.098528 0.000010 0.053733
0.032849 0.004140 0.007739 0.026220 0.297147 0.339452 0.000562 0.291892
0.000010 0.004048 0.011421 0.017005 0.378304 0.333576 0.000339 0.255297
0.000010 0.015015 0.000010 0.000010 0.464668 0.132045 0.009059 0.379182
0.011120 0.000010 0.017554 0.019000 0.508641 0.384849 0.000087 0.058740
0.006633 0.867015 0.009506 0.015571 0.067492 0.011774 0.021999 0.000010
0.000642 0.000010 0.006841 0.051047 0.853019 0.047561 0.018111 0.022769
0.000010 0.994424 0.000895 0.000010 0.000010 0.000010 0.000010 0.004631
0.001639 0.000010 0.011330 0.023746 0.792885 0.049338 0.000010 0.121042
0.000010 0.189285 0.001814 0.000010 0.170697 0.000010 0.014847 0.623328
0.000010 0.014640 0.000010 0.122535 0.179278 0.214006 0.009464 0.460056
0.001003 0.011389 0.008382 0.000010 0.495477 0.216187 0.003884 0.263669
0.042037 0.002178 0.011308 0.084592 0.066087 0.093611 0.003583 0.696604
0.000010 0.000010 0.000010 0.042362 0.680996 0.202136 0.012684 0.061792
0.192148 0.430633 0.017063 0.035504 0.000010 0.000010 0.000010 0.324622
0.000010 0.494819 0.503901 0.000010 0.000010 0.000010 0.000010 0.001229
0.000010 0.991096 0.000010 0.000010 0.000010 0.000252 0.001385 0.007227
0.794783 0.007729 0.018219 0.099824 0.036630 0.005113 0.024963 0.012738
0.014141 0.000010 0.000010 0.011129 0.827948 0.101864 0.007029 0.037869
0.902526 0.011384 0.041075 0.000010 0.012255 0.000983 0.004272 0.027494
0.000010 0.005395 0.018207 0.058154 0.297090 0.197107 0.000010 0.424028
0.002110 0.000010 0.000010 0.039874 0.833962 0.088666 0.005967 0.029401
0.012818 0.005491 0.000475 0.050607 0.914556 0.006708 0.009335 0.000010
0.017604 0.000010 0.000010 0.037977 0.586663 0.297864 0.012606 0.047266
0.000010 0.825922 0.014678 0.000010 0.076062 0.055362 0.013900 0.014057
0.000010 0.998831 0.000010 0.000010 0.000010 0.000010 0.001109 0.000010
0.000010 0.000010 0.012732 0.056889 0.094284 0.626312 0.013744 0.196020
0.002379 0.000010 0.004325 0.019668 0.609830 0.308891 0.013783 0.041114
0.008281 0.000010 0.002819 0.025315 0.756585 0.128169 0.007382 0.071439
0.007601 0.000010 0.000010 0.027789 0.783580 0.140745 0.003996 0.036270
0.003874 0.000010 0.000010 0.065734 0.885019 0.000010 0.000010 0.045333
0.002774 0.000010 0.010071 0.058715 0.746086 0.116855 0.003870 0.061620
0.005567 0.056637 0.010894 0.002196 0.203720 0.033202 0.502566 0.185217
0.672572 0.000010 0.142791 0.157140 0.026497 0.000010 0.000971 0.000010
0.025452 0.002452 0.000010 0.037273 0.822121 0.069462 0.005442 0.037787
0.947117 0.000133 0.038987 0.013722 0.000010 0.000010 0.000010 0.000010
0.000010 0.019176 0.037337 0.310342 0.065578 0.163619 0.012213 0.391724
0.000010 0.000010 0.000010 0.006564 0.653868 0.147495 0.021312 0.170732
0.001747 0.985656 0.000010 0.008041 0.004515 0.000010 0.000010 0.000010
0.021311 0.002928 0.000010 0.036070 0.455228 0.411480 0.000010 0.072962
0.772035 0.020330 0.066922 0.115154 0.000010 0.009135 0.000010 0.016404
0.000010 0.912818 0.002962 0.000010 0.036571 0.032666 0.000010 0.014953
0.458738 0.000010 0.000010 0.463483 0.032570 0.003086 0.034228 0.007875
0.038374 0.000252 0.028207 0.042585 0.369663 0.339021 0.000010 0.181887
0.000010 0.914839 0.000010 0.000010 0.035903 0.036917 0.005193 0.007117
0.028371 0.000010 0.000010 0.048061 0.040082 0.770692 0.022359 0.090415
0.032015 0.006729 0.020625 0.065304 0.042972 0.195332 0.000010 0.637014
0.021515 0.023789 0.009664 0.000010 0.505259 0.147528 0.007574 0.284661
0.000010 0.000010 0.999927 0.000013 0.000010 0.000010 0.000010 0.000010
0.021186 0.000010 0.011138 0.053594 0.676135 0.188580 0.000010 0.049347
0.000010 0.000010 0.012886 0.080999 0.332889 0.150297 0.020272 0.402636
0.000010 0.997513 0.000010 0.000010 0.000010 0.000010 0.000010 0.002427
0.004322 0.000010 0.008333 0.079709 0.517517 0.302743 0.000010 0.087357
0.000353 0.000010 0.000010 0.049994 0.640502 0.241761 0.004532 0.062838
0.000010 0.997903 0.002037 0.000010 0.000010 0.000010 0.000010 0.000010
0.017840 0.000010 0.000010 0.000010 0.509473 0.258984 0.009935 0.203739
0.051853 0.145334 0.205558 0.060536 0.419579 0.117120 0.000010 0.000010
0.000010 0.007662 0.000010 0.027423 0.604776 0.294234 0.002287 0.063597
0.031209 0.006774 0.002522 0.019720 0.827113 0.065327 0.017163 0.030171
0.000010 0.870413 0.000010 0.008121 0.087820 0.028836 0.001227 0.003563
0.000010 0.000010 0.013146 0.055165 0.865578 0.055105 0.010976 0.000010
0.000010 0.000010 0.994827 0.000010 0.000010 0.000010 0.005113 0.000010
0.020825 0.000010 0.022468 0.065377 0.283823 0.512481 0.001254 0.093762
0.000010 0.990527 0.000010 0.000010 0.000010 0.001283 0.003247 0.004904
0.447845 0.009529 0.006157 0.444289 0.012433 0.044193 0.017299 0.018256
0.000010 0.002052 0.000010 0.057010 0.735984 0.129181 0.010262 0.065491
0.007487 0.011064 0.000010 0.038935 0.819784 0.083341 0.015299 0.024080
0.000060 0.011816 0.003023 0.076339 0.376820 0.228018 0.008034 0.295891
0.033403 0.000010 0.004328 0.023222 0.772328 0.118673 0.000010 0.048025
0.000010 0.000010 0.000771 0.081727 0.213271 0.353812 0.012178 0.338221
0.009748 0.000010 0.000010 0.018183 0.619712 0.258920 0.002281 0.091136
0.000010 0.000010 0.000010 0.009047 0.879299 0.061246 0.005748 0.044631
0.019071 0.007351 0.000010 0.013267 0.584896 0.300208 0.000033 0.075163
0.542422 0.000010 0.006079 0.225665 0.030589 0.002683 0.005773 0.186778
0.000010 0.004645 0.009565 0.026490 0.943410 0.000010 0.000010 0.015859
0.115388 0.000010 0.415540 0.290307 0.026598 0.015579 0.052416 0.084160
0.012459 0.000010 0.014990 0.088615 0.328380 0.468690 0.022549 0.064306
0.860324 0.000010 0.019213 0.073938 0.009092 0.024990 0.012424 0.000010
0.016544 0.000010 0.000520 0.000010 0.505798 0.234632 0.001083 0.241402
0.004084 0.002399 0.001146 0.032759 0.915044 0.000010 0.019925 0.024632
0.007547 0.009080 0.004444 0.047469 0.882758 0.014510 0.011777 0.022416
0.031525 0.451932 0.009311 0.009687 0.001338 0.000010 0.003391 0.492806
0.000010 0.920255 0.000010 0.000010 0.048106 0.025006 0.000010 0.006593
0.011907 0.000010 0.012784 0.081581 0.838690 0.040586 0.002598 0.011846
0.019295 0.000010 0.004517 0.036145 0.592438 0.282084 0.013005 0.052506
0.000010 0.000010 0.002009 0.021998 0.847535 0.108072 0.004872 0.015495
0.014928 0.193723 0.000010 0.044818 0.557431 0.155389 0.003774 0.029927
0.520141 0.012329 0.004020 0.371510 0.015337 0.017729 0.016201 0.042733
0.000010 0.862810 0.001550 0.010209 0.081757 0.016741 0.010587 0.016335
0.000010 0.999930 0.000010 0.000010 0.000010 0.000010 0.000010 0.000010
0.000010 0.007249 0.016072 0.046006 0.558784 0.289108 0.000010 0.082761
0.000010 0.000010 0.000010 0.183253 0.082139 0.254195 0.011121 0.469262
0.000230 0.008558 0.004212 0.030787 0.533665 0.288195 0.000644 0.133709
0.005144 0.010415 0.005711 0.098617 0.067721 0.672989 0.017261 0.122140
0.000010 0.959996 0.000679 0.000010 0.025398 0.006451 0.006330 0.001126
0.026497 0.000010 0.000171 0.036448 0.485392 0.318257 0.000624 0.132602
0.152783 0.094341 0.212603 0.060161 0.229244 0.125678 0.000010 0.125181
0.034652 0.000010 0.000010 0.000010 0.554359 0.312438 0.001556 0.096964
0.000010 0.991076 0.000010 0.000010 0.000010 0.008864 0.000010 0.000010
0.569528 0.000010 0.003082 0.344640 0.012832 0.041708 0.012993 0.015207
0.009294 0.241818 0.000010 0.048981 0.341626 0.148739 0.004139 0.205393
0.000010 0.997820 0.002120 0.000010 0.000010 0.000010 0.000010 0.000010
0.001831 0.000010 0.000010 0.048147 0.400699 0.406164 0.000010 0.143129
0.017206 0.003960 0.000010 0.007167 0.607765 0.256455 0.009378 0.098059
0.005822 0.970431 0.000010 0.001327 0.006905 0.009813 0.001408 0.004284
0.822900 0.000010 0.077723 0.077353 0.013933 0.004386 0.000010 0.003686
0.019024 0.000010 0.000555 0.084372 0.776625 0.085961 0.001072 0.032381
0.445832 0.005994 0.013265 0.451150 0.000010 0.057623 0.023433 0.002693
0.007341 0.004521 0.003790 0.038160 0.627139 0.184436 0.014276 0.120339
0.000010 0.993217 0.000010 0.004494 0.000010 0.000010 0.002239 0.000010
0.008471 0.000010 0.109014 0.360900 0.000010 0.051119 0.022813 0.447663
0.001837 0.872012 0.000010 0.010248 0.084650 0.021150 0.003756 0.006339
0.691135 0.002515 0.130596 0.099681 0.039343 0.006259 0.020088 0.010382
0.007855 0.000010 0.004803 0.039880 0.801533 0.142096 0.003812 0.000010
0.000010 0.000818 0.994000 0.000010 0.000010 0.000010 0.000754 0.004388
0.394648 0.000010 0.012142 0.471529 0.092118 0.000081 0.021809 0.007662
0.000010 0.000010 0.003724 0.047313 0.677934 0.184470 0.014175 0.072364
0.004817 0.063914 0.014714 0.017550 0.163356 0.002505 0.532445 0.200699
0.797576 0.001233 0.003572 0.197579 0.000010 0.000010 0.000010 0.000010
0.784198 0.001110 0.065639 0.120224 0.019602 0.009208 0.000010 0.000010
0.000010 0.931143 0.001295 0.000010 0.046303 0.007323 0.003209 0.010708
0.000010 0.000010 0.000010 0.061145 0.638112 0.215383 0.016826 0.068504
0.315710 0.000010 0.001892 0.179826 0.372670 0.088525 0.025826 0.015541
0.000121 0.000010 0.018998 0.021114 0.214831 0.598826 0.005757 0.140343
0.011621 0.000010 0.022213 0.054875 0.081172 0.759774 0.000010 0.070325
0.020667 0.000010 0.000010 0.060387 0.825333 0.070058 0.011636 0.011899
0.000010 0.000010 0.000010 0.025417 0.666960 0.191102 0.010978 0.105513
0.000010 0.000010 0.000010 0.077393 0.831555 0.042088 0.003857 0.045077
0.000010 0.005418 0.010576 0.038397 0.617511 0.267632 0.000010 0.060447
0.605957 0.002222 0.025760 0.275026 0.029199 0.043148 0.018677 0.000010
0.003112 0.034968 0.000010 0.000010 0.481360 0.149999 0.000010 0.330530
0.515097 0.004551 0.005492 0.403481 0.016573 0.000010 0.018291 0.036505
0.021515 0.000010 0.002214 0.047105 0.634358 0.214542 0.014042 0.066214
0.000010 0.000010 0.000010 0.059381 0.669679 0.190078 0.001882 0.078950
0.013410 0.000010 0.003537 0.072619 0.690836 0.141346 0.010493 0.067749
0.000010 0.000010 0.000010 0.154321 0.223387 0.152999 0.011731 0.457533
0.005500 0.005369 0.005466 0.058533 0.678120 0.215123 0.009470 0.022417
0.010354 0.009010 0.000010 0.171584 0.178150 0.076632 0.000010 0.554249
0.016924 0.000010 0.000010 0.051362 0.798870 0.070029 0.011890 0.050906
0.022963 0.000010 0.019040 0.035506 0.389154 0.393525 0.000010 0.139792
0.232602 0.005698 0.027551 0.529423 0.000010 0.077088 0.025851 0.101777
0.005160 0.000010 0.000010 0.024339 0.838468 0.080724 0.014530 0.036758
0.027498 0.000010 0.000670 0.046539 0.864677 0.040373 0.000010 0.020224
0.011829 0.013179 0.004065 0.033593 0.853421 0.081548 0.002354 0.000010
0.000010 0.000010 0.000010 0.057342 0.809355 0.118405 0.014857 0.000010
0.071502 0.192083 0.004131 0.043970 0.318529 0.302803 0.000010 0.066973
0.000010 0.011075 0.009380 0.036917 0.625244 0.206911 0.000010 0.110454
0.000010 0.000010 0.003043 0.044141 0.786463 0.097405 0.011223 0.057705
0.000010 0.000010 0.005487 0.074119 0.217715 0.484132 0.007324 0.211203
0.000187 0.000010 0.002193 0.073797 0.298928 0.450593 0.014624 0.159668
0.018472 0.002727 0.000010 0.065444 0.837150 0.068430 0.007758 0.000010
0.710324 0.000010 0.026841 0.026055 0.169780 0.058727 0.005979 0.002283
0.000010 0.011727 0.012883 0.036953 0.624389 0.277582 0.000010 0.036446
0.000010 0.004538 0.000010 0.036473 0.602089 0.285936 0.018719 0.052224
0.000878 0.000010 0.007514 0.000010 0.520843 0.381151 0.000010 0.089585
0.432248 0.005644 0.011069 0.508964 0.000010 0.000010 0.012121 0.029933
0.000010 0.009969 0.000010 0.037054 0.854119 0.032945 0.009268 0.056624
0.024686 0.000010 0.000010 0.001704 0.816934 0.094940 0.003845 0.057871
0.000318 0.999622 0.000010 0.000010 0.000010 0.000010 0.000010 0.000010
0.015027 0.000010 0.000010 0.074335 0.826874 0.062788 0.003350 0.017606
0.251437 0.000010 0.025572 0.023022 0.373338 0.224402 0.000010 0.102210
0.464588 0.000010 0.008678 0.423842 0.073186 0.003020 0.026666 0.000010
0.452842 0.000010 0.000803 0.458949 0.000010 0.047675 0.021037 0.018675
0.000010 0.950627 0.000010 0.000010 0.008483 0.026454 0.002238 0.012168
0.481197 0.004384 0.011400 0.444110 0.000010 0.028197 0.023937 0.006766
0.000010 0.036565 0.012386 0.000010 0.419814 0.170667 0.000010 0.360538
0.000010 0.281065 0.009542 0.104838 0.170344 0.010093 0.000010 0.424098
0.000010 0.000010 0.013924 0.055389 0.848053 0.062325 0.000787 0.019501
0.253381 0.000010 0.077288 0.117010 0.247183 0.125742 0.002293 0.177093
0.000077 0.902026 0.003377 0.000010 0.055516 0.013080 0.000010 0.025904
0.020565 0.500771 0.001629 0.016711 0.331160 0.116945 0.004405 0.007815
0.013774 0.005714 0.000010 0.051820 0.499549 0.288719 0.010615 0.129798
0.827011 0.000010 0.000010 0.172929 0.000010 0.000010 0.000010 0.000010
0.401778 0.002962 0.042517 0.417485 0.058312 0.016853 0.012630 0.047462
0.000010 0.000010 0.998710 0.000010 0.000010 0.000010 0.000010 0.001230
0.937375 0.000010 0.005987 0.056588 0.000010 0.000010 0.000010 0.000010
0.010840 0.000010 0.015662 0.043617 0.587835 0.255260 0.013908 0.072867
0.000010 0.012608 0.000010 0.040483 0.616745 0.252608 0.011574 0.065961
0.012153 0.001589 0.000010 0.054133 0.715851 0.138611 0.000010 0.077643
0.003168 0.000010 0.000010 0.041046 0.857165 0.030902 0.012435 0.055264
0.000010 0.002951 0.002008 0.042144 0.900580 0.046295 0.006002 0.000010
0.000010 0.000010 0.010405 0.093264 0.312418 0.166276 0.005621 0.411996
0.007996 0.053541 0.013324 0.017497 0.319636 0.293801 0.067217 0.226989
0.004986 0.010859 0.006644 0.000010 0.562403 0.306853 0.005241 0.103003
0.000010 0.001655 0.004325 0.030764 0.757123 0.121120 0.000010 0.084994
0.013122 0.000010 0.000010 0.018690 0.819644 0.102026 0.015065 0.031432
0.791253 0.000010 0.081973 0.087702 0.000010 0.034053 0.002083 0.002916
0.026912 0.000010 0.015745 0.050522 0.041124 0.179913 0.000010 0.685765
0.018606 0.000010 0.006067 0.006126 0.520262 0.350125 0.000010 0.098794
0.001781 0.024474 0.003457 0.000010 0.256332 0.089596 0.362464 0.261886
0.069807 0.000010 0.035340 0.459289 0.000010 0.017860 0.012315 0.405370
0.000010 0.000010 0.024998 0.080218 0.058276 0.188497 0.000010 0.647982
0.015338 0.000396 0.009558 0.067110 0.028765 0.154306 0.000010 0.724518
0.000010 0.003649 0.000010 0.044211 0.670291 0.202504 0.015189 0.064135
0.000010 0.000010 0.000010 0.082397 0.842721 0.066176 0.008666 0.000010
0.000010 0.000010 0.003972 0.017558 0.726520 0.180185 0.002039 0.069706
0.007955 0.000010 0.015476 0.065781 0.879650 0.019133 0.000983 0.011012
0.018499 0.005943 0.000010 0.050514 0.717265 0.155283 0.001387 0.051099
0.000010 0.998638 0.001302 0.000010 0.000010 0.000010 0.000010 0.000010
0.017317 0.000010 0.000010 0.065275 0.864990 0.022981 0.011841 0.017577
0.889234 0.000010 0.028125 0.082591 0.000010 0.000010 0.000010 0.000010
0.000010 0.000014 0.997679 0.000010 0.000010 0.000010 0.002257 0.000010
0.010582 0.000010 0.004316 0.036579 0.657715 0.236654 0.008046 0.046098
0.000010 0.000010 0.015193 0.101363 0.099739 0.532340 0.000010 0.251335
0.002167 0.013125 0.007490 0.019768 0.460937 0.434569 0.000010 0.061934
0.257399 0.001073 0.168113 0.398721 0.000010 0.061215 0.038713 0.074756
0.000010 0.000010 0.020952 0.026193 0.513011 0.395263 0.000010 0.044552
0.000010 0.021352 0.001555 0.064757 0.032648 0.151419 0.025868 0.702390
0.000010 0.995892 0.000010 0.000010 0.000010 0.000010 0.002856 0.001202
0.011522 0.000010 0.000010 0.058623 0.349562 0.324531 0.008229 0.247513
0.000010 0.999930 0.000010 0.000010 0.000010 0.000010 0.000010 0.000010
0.000010 0.456195 0.000010 0.023981 0.475163 0.028886 0.006623 0.009132
0.014503 0.003658 0.485252 0.004793 0.325513 0.100754 0.001956 0.063571
0.000010 0.007968 0.017683 0.044368 0.559368 0.290199 0.000010 0.080395
