0.000010 0.916612 0.083378
0.446828 0.018945 0.534227
0.015551 0.000010 0.984439
0.462783 0.018178 0.519039
0.000010 0.999980 0.000010
0.000015 0.000010 0.999975
0.000010 0.979755 0.020235
0.538423 0.002490 0.459087
0.002926 0.000010 0.997064
0.022743 0.000010 0.977247
0.633401 0.014545 0.352054
0.041649 0.071782 0.886570
0.005711 0.000450 0.993839
0.014235 0.010859 0.974906
0.085887 0.049184 0.864930
0.658390 0.031341 0.310269
0.039437 0.007771 0.952792
0.011046 0.000010 0.988944
0.010176 0.975717 0.014107
0.999980 0.000010 0.000010
0.005257 0.000010 0.994733
0.514912 0.016165 0.468923
0.009378 0.003110 0.987512
0.008602 0.000010 0.991388
0.021757 0.000010 0.978233
0.643015 0.018666 0.338319
0.049263 0.025771 0.924965
0.003998 0.960309 0.035693
0.000198 0.001703 0.998100
0.000010 0.000010 0.999980
0.480594 0.021431 0.497975
0.035066 0.960583 0.004351
0.004484 0.000352 0.995163
0.116045 0.078631 0.805325
0.049380 0.038821 0.911799
0.567155 0.017763 0.415082
0.000010 0.995010 0.004980
0.999980 0.000010 0.000010
0.369330 0.029963 0.600708
0.016497 0.007682 0.975821
0.000010 0.999980 0.000010
0.220982 0.637545 0.141472
0.027605 0.049607 0.922788
0.004335 0.948719 0.046946
0.461167 0.010281 0.528553
0.006906 0.695421 0.297673
0.054124 0.059523 0.886353
0.080549 0.049490 0.869961
0.042262 0.026833 0.930905
0.485145 0.010991 0.503864
0.011651 0.000010 0.988339
0.660916 0.034593 0.304490
0.036817 0.000010 0.963173
0.018774 0.004884 0.976342
0.000010 0.506086 0.493904
0.405928 0.013840 0.580231
0.999980 0.000010 0.000010
0.000010 0.001308 0.998682
0.999980 0.000010 0.000010
0.030286 0.024293 0.945421
0.071854 0.059023 0.869123
0.470276 0.035229 0.494494
0.002624 0.011463 0.985913
0.011598 0.000010 0.988392
0.015015 0.133689 0.851296
0.000010 0.000010 0.999980
0.006767 0.000010 0.993223
0.016615 0.000010 0.983375
0.015637 0.955813 0.028550
0.018832 0.000010 0.981158
0.998603 0.001387 0.000010
0.006575 0.704926 0.288499
0.008483 0.000010 0.991507
0.000010 0.003656 0.996334
0.328945 0.071460 0.599595
0.021006 0.000010 0.978984
0.003673 0.000010 0.996317
0.004015 0.733716 0.262269
0.004836 0.953959 0.041205
0.014955 0.000010 0.985035
0.022156 0.001251 0.976593
0.069367 0.069362 0.861271
0.073547 0.105380 0.821073
0.010682 0.000010 0.989308
0.000010 0.000010 0.999980
0.008960 0.000010 0.991030
0.514944 0.031638 0.453419
0.072080 0.568437 0.359483
0.505848 0.011096 0.483056
0.564607 0.034700 0.400693
0.011222 0.000010 0.988768
0.034277 0.000010 0.965713
0.003816 0.006102 0.990082
0.000010 0.930672 0.069318
0.013797 0.000010 0.986193
0.000473 0.824231 0.175296
0.653383 0.027489 0.319128
0.008178 0.006640 0.985181
0.006651 0.001113 0.992235
0.071283 0.043648 0.885069
0.021140 0.002544 0.976316
0.000010 0.004773 0.995217
0.000010 0.008284 0.991706
0.062710 0.062221 0.875069
0.017329 0.002718 0.979953
0.003492 0.012568 0.983940
0.017885 0.059637 0.922478
0.012177 0.000010 0.987813
0.374956 0.029070 0.595974
0.003420 0.041113 0.955467
0.197696 0.046843 0.755461
0.000010 0.978473 0.021517
0.016345 0.000010 0.983645
0.000010 0.000433 0.999557
0.018527 0.003125 0.978347
0.000010 0.882324 0.117666
0.038041 0.058177 0.903782
0.519194 0.010612 0.470194
0.037293 0.001034 0.961673
0.004297 0.852220 0.143483
0.014894 0.002041 0.983064
0.002648 0.211660 0.785692
0.020058 0.007404 0.972538
0.000180 0.885355 0.114465
0.999980 0.000010 0.000010
0.083411 0.043122 0.873467
0.495762 0.019678 0.484560
0.016945 0.005204 0.977850
0.020778 0.008446 0.970776
0.005727 0.000010 0.994263
0.016356 0.016897 0.966748
0.019887 0.964019 0.016094
0.000010 0.893487 0.106503
0.018893 0.008519 0.972588
0.027325 0.009193 0.963482
0.087341 0.772622 0.140037
0.003479 0.000010 0.996511
0.000248 0.008975 0.990776
0.086471 0.045301 0.868228
0.000010 0.000737 0.999253
0.000010 0.991719 0.008271
0.006891 0.000010 0.993099
0.004122 0.000010 0.995868
0.000010 0.000010 0.999980
0.276740 0.062064 0.661195
0.000010 0.999980 0.000010
0.004771 0.011481 0.983748
0.022778 0.003417 0.973805
0.221757 0.002997 0.775246
0.019852 0.005100 0.975048
0.011490 0.967039 0.021471
0.643813 0.016686 0.339502
0.610511 0.036628 0.352861
0.007814 0.000010 0.992176
0.003305 0.002082 0.994613
0.000011 0.000010 0.999979
0.004425 0.975273 0.020302
0.511983 0.015742 0.472276
0.470357 0.020835 0.508808
0.220662 0.154396 0.624942
0.003368 0.000010 0.996622
0.000247 0.000010 0.999743
0.012728 0.002883 0.984390
0.000010 0.000010 0.999980
0.240297 0.007982 0.751721
0.017888 0.017974 0.964138
0.579094 0.017200 0.403706
0.003123 0.691481 0.305396
0.006018 0.000010 0.993972
0.011568 0.000010 0.988422
0.014486 0.007095 0.978419
0.044610 0.043011 0.912379
0.008862 0.002940 0.988198
0.478013 0.014932 0.507055
0.004794 0.988672 0.006534
0.003223 0.996767 0.000010
0.431346 0.015339 0.553315
0.000699 0.999291 0.000010
0.000503 0.715405 0.284092
0.521947 0.096885 0.381167
0.014814 0.000010 0.985176
0.636621 0.015369 0.348010
0.000010 0.000010 0.999980
0.454379 0.018430 0.527191
0.586114 0.029467 0.384419
0.044151 0.019397 0.936453
0.335394 0.009324 0.655282
0.035488 0.006738 0.957774
0.388098 0.048862 0.563041
0.000010 0.004021 0.995969
0.069200 0.060933 0.869867
0.019208 0.001135 0.979656
0.652464 0.030380 0.317156
0.017570 0.000010 0.982420
0.609640 0.024134 0.366226
0.025222 0.234081 0.740697
0.681614 0.035872 0.282514
0.999070 0.000010 0.000920
0.083543 0.053853 0.862604
0.016325 0.007859 0.975817
0.018919 0.015402 0.965678
0.999980 0.000010 0.000010
0.674877 0.038919 0.286204
0.009734 0.006171 0.984095
0.000010 0.005113 0.994877
0.037845 0.025138 0.937017
0.000010 0.005424 0.994566
0.000010 0.846286 0.153704
0.998961 0.001029 0.000010
0.000010 0.757459 0.242531
0.000485 0.950935 0.048580
0.029343 0.004071 0.966586
0.010259 0.000010 0.989731
0.619634 0.014938 0.365427
0.678217 0.046855 0.274928
0.024645 0.003960 0.971396
0.000010 0.778030 0.221960
0.012425 0.000010 0.987565
0.000010 0.974549 0.025441
0.006893 0.000010 0.993097
0.015764 0.000010 0.984226
0.000942 0.969118 0.029940
0.344884 0.038771 0.616345
0.000010 0.025959 0.974031
0.026262 0.001501 0.972237
0.013456 0.003255 0.983289
0.043574 0.026817 0.929610
0.626286 0.016916 0.356797
0.005046 0.003173 0.991781
0.000010 0.816949 0.183041
0.050061 0.022239 0.927700
0.003646 0.989554 0.006800
0.000010 0.009557 0.990433
0.000010 0.000168 0.999822
0.004436 0.000010 0.995554
0.095128 0.040740 0.864133
0.499686 0.003659 0.496656
0.673011 0.029750 0.297240
0.002607 0.005659 0.991734
0.017217 0.000690 0.982093
0.973702 0.024077 0.002221
0.017420 0.941006 0.041574
0.495340 0.002371 0.502290
0.029255 0.000010 0.970735
0.000010 0.000010 0.999980
0.019081 0.000010 0.980909
0.999980 0.000010 0.000010
0.000010 0.508012 0.491978
0.000013 0.999977 0.000010
0.009536 0.015525 0.974939
0.006053 0.867469 0.126477
0.000010 0.931183 0.068807
0.535544 0.017722 0.446734
0.004717 0.009682 0.985600
0.086932 0.583683 0.329385
0.013747 0.004903 0.981350
0.004761 0.000010 0.995229
0.164938 0.120980 0.714082
0.073740 0.048412 0.877848
0.509972 0.020288 0.469741
0.054900 0.061422 0.883679
0.646075 0.017104 0.336822
0.000993 0.000010 0.998997
0.000010 0.000010 0.999980
0.019329 0.005120 0.975551
0.030017 0.005432 0.964551
0.000010 0.004308 0.995682
0.000010 0.000010 0.999980
0.066272 0.056995 0.876733
0.000010 0.995592 0.004398
0.461792 0.020979 0.517229
0.999980 0.000010 0.000010
0.031952 0.059274 0.908774
0.197690 0.044047 0.758263
0.467695 0.006539 0.525766
0.572054 0.028078 0.399867
0.019964 0.000010 0.980026
0.646229 0.027331 0.326440
0.000010 0.000010 0.999980
0.041040 0.951514 0.007446
0.000010 0.000010 0.999980
0.495727 0.022186 0.482087
0.015282 0.003860 0.980857
0.000010 0.988195 0.011795
0.000674 0.987929 0.011397
0.240676 0.048269 0.711055
0.000010 0.999980 0.000010
0.027505 0.007036 0.965459
0.009734 0.000010 0.990256
0.169137 0.200697 0.630166
0.000010 0.009098 0.990892
0.187699 0.728136 0.084165
0.010329 0.000010 0.989661
0.000010 0.926012 0.073978
0.980590 0.001301 0.018110
0.052678 0.000010 0.947312
0.663851 0.025646 0.310503
0.014803 0.966897 0.018300
0.035843 0.006271 0.957886
0.011027 0.000010 0.988963
0.017770 0.003857 0.978372
0.013758 0.000010 0.986232
0.982120 0.004961 0.012919
0.109313 0.000010 0.890677
0.024430 0.000010 0.975560
0.007223 0.003714 0.989063
0.045224 0.000010 0.954766
0.000010 0.000010 0.999980
0.506992 0.012369 0.480639
0.024046 0.017162 0.958792
0.000010 0.744733 0.255257
0.000010 0.000010 0.999980
0.033062 0.000010 0.966928
0.018356 0.047971 0.933673
0.002033 0.000010 0.997957
0.610784 0.043805 0.345410
0.012895 0.000010 0.987095
0.034390 0.022489 0.943121
0.470639 0.030509 0.498852
0.998882 0.001108 0.000010
0.003748 0.817653 0.178600
0.000010 0.000010 0.999980
0.000010 0.005161 0.994829
0.007486 0.000010 0.992504
0.000010 0.866855 0.133135
0.023154 0.011316 0.965530
0.033923 0.289634 0.676443
0.983258 0.000010 0.016732
0.013068 0.008286 0.978646
0.456706 0.016855 0.526439
0.051206 0.031705 0.917089
0.007141 0.003869 0.988989
0.009269 0.000010 0.990721
0.000010 0.000010 0.999980
0.011155 0.000010 0.988835
0.007290 0.000540 0.992171
0.023107 0.006909 0.969983
0.000962 0.000010 0.999028
0.399654 0.019732 0.580613
0.625554 0.034009 0.340437
0.042236 0.000010 0.957754
0.010039 0.001488 0.988473
0.034490 0.019735 0.945776
0.018127 0.009519 0.972354
0.000010 0.039184 0.960806
0.004888 0.005175 0.989937
0.029864 0.867983 0.102153
0.012824 0.000010 0.987166
0.004091 0.995899 0.000010
0.006627 0.005587 0.987786
0.017783 0.241791 0.740426
0.032056 0.042949 0.924995
0.010843 0.021281 0.967876
0.087925 0.054284 0.857791
0.000010 0.000010 0.999980
0.187019 0.468043 0.344938
0.505766 0.494224 0.000010
0.000010 0.994024 0.005966
0.643748 0.030395 0.325857
0.000010 0.000010 0.999980
0.706585 0.043091 0.250324
0.027894 0.034263 0.937844
0.000010 0.000010 0.999980
0.006010 0.001165 0.992825
0.013128 0.000010 0.986862
0.020127 0.827845 0.152028
0.000010 0.999980 0.000010
0.028445 0.000010 0.971545
0.007329 0.000010 0.992661
0.002510 0.005098 0.992392
0.000010 0.000010 0.999980
0.003856 0.000010 0.996134
0.013032 0.000010 0.986958
0.355248 0.067191 0.577560
0.682593 0.015215 0.302191
0.007791 0.002493 0.989716
0.744226 0.034800 0.220974
0.124654 0.048627 0.826719
0.000599 0.005234 0.994167
0.004103 0.986491 0.009406
0.006955 0.005572 0.987473
0.670861 0.047038 0.282100
0.001513 0.914573 0.083914
0.471699 0.003940 0.524360
0.059314 0.009659 0.931027
0.000010 0.916616 0.083374
0.033336 0.000010 0.966654
0.080487 0.045647 0.873866
0.030993 0.035590 0.933417
0.999980 0.000010 0.000010
0.022465 0.000010 0.977525
0.052739 0.018743 0.928518
0.000010 0.999980 0.000010
0.014802 0.000010 0.985188
0.000010 0.000010 0.999980
0.000010 0.999980 0.000010
0.014052 0.000010 0.985938
0.259379 0.143146 0.597476
0.000010 0.004178 0.995812
0.022115 0.005821 0.972064
0.000010 0.870175 0.129815
0.009444 0.000010 0.990546
0.999980 0.000010 0.000010
0.039227 0.001755 0.959018
0.000010 0.993087 0.006903
0.441934 0.025333 0.532733
0.000010 0.001653 0.998337
0.005736 0.006811 0.987453
0.021663 0.027316 0.951021
0.015738 0.000010 0.984252
0.025031 0.007715 0.967254
0.000010 0.000010 0.999980
0.000010 0.000010 0.999980
0.001885 0.006757 0.991358
0.457617 0.023603 0.518780
0.000010 0.000842 0.999148
0.642571 0.003161 0.354268
0.045116 0.000010 0.954874
0.671835 0.022724 0.305441
0.008489 0.006974 0.984536
0.005667 0.001986 0.992347
0.011345 0.007544 0.981111
0.071565 0.498541 0.429894
0.000010 0.920075 0.079915
0.021354 0.000010 0.978636
0.015170 0.000010 0.984820
0.000010 0.000010 0.999980
0.007831 0.191258 0.800911
0.488554 0.037976 0.473470
0.006669 0.865455 0.127876
0.000010 0.999980 0.000010
0.009847 0.008726 0.981427
0.048508 0.030935 0.920557
0.003561 0.010591 0.985847
0.033388 0.015097 0.951514
0.000010 0.961961 0.038029
0.016454 0.001243 0.982303
0.345580 0.105720 0.548700
0.009456 0.000010 0.990534
0.000010 0.991997 0.007993
0.506982 0.012533 0.480485
0.015125 0.254362 0.730513
0.002021 0.997969 0.000010
0.004800 0.000010 0.995190
0.009855 0.004425 0.985720
0.004059 0.972658 0.023283
0.712896 0.017178 0.269926
0.010555 0.000010 0.989435
0.457149 0.016341 0.526510
0.014278 0.007874 0.977848
0.001968 0.995362 0.002670
0.235601 0.021379 0.743020
0.003006 0.872622 0.124372
0.689582 0.022310 0.288108
0.000010 0.000010 0.999980
0.998098 0.000010 0.001892
0.419197 0.008538 0.572265
0.008663 0.000010 0.991327
0.384520 0.077710 0.537770
0.634509 0.023272 0.342219
0.673483 0.014864 0.311653
0.000010 0.933575 0.066415
0.006136 0.000010 0.993854
0.277101 0.000010 0.722889
0.022861 0.000010 0.977129
0.031524 0.003292 0.965184
0.015119 0.000010 0.984871
0.000010 0.000010 0.999980
0.000764 0.000010 0.999226
0.003956 0.004518 0.991527
0.539707 0.023512 0.436781
0.000010 0.052346 0.947644
0.485466 0.031249 0.483285
0.019780 0.000010 0.980210
0.000010 0.002754 0.997236
0.018875 0.000010 0.981115
0.043944 0.022844 0.933212
0.012168 0.003723 0.984109
0.056025 0.046223 0.897752
0.009770 0.000010 0.990220
0.033970 0.004277 0.961754
0.333380 0.024367 0.642253
0.000012 0.000010 0.999978
0.007392 0.000010 0.992598
0.007217 0.002712 0.990071
0.000010 0.000010 0.999980
0.054868 0.193885 0.751246
0.004744 0.014914 0.980342
0.001111 0.000010 0.998879
0.023777 0.000979 0.975243
0.019773 0.000515 0.979711
0.011700 0.000010 0.988290
0.545832 0.004931 0.449237
0.004898 0.009441 0.985661
0.000010 0.004813 0.995177
0.004109 0.000010 0.995881
0.454357 0.023837 0.521806
0.000010 0.007995 0.991995
0.000010 0.000010 0.999980
0.000010 0.999980 0.000010
0.004705 0.000010 0.995285
0.197597 0.008228 0.794174
0.461964 0.003389 0.534647
0.442834 0.019286 0.537880
0.000010 0.953095 0.046895
0.482281 0.020900 0.496819
0.011242 0.058439 0.930319
0.044504 0.315518 0.639978
0.009102 0.000010 0.990888
0.297493 0.006628 0.695879
0.002186 0.904946 0.092868
0.010121 0.499475 0.490404
0.012365 0.011378 0.976257
0.650516 0.012964 0.336520
0.438497 0.022022 0.539482
0.999980 0.000010 0.000010
0.719543 0.033105 0.247352
0.028990 0.000010 0.971000
0.003849 0.004672 0.991478
0.000010 0.002176 0.997814
0.001562 0.000010 0.998428
0.000010 0.000010 0.999980
0.035640 0.023107 0.941254
0.063481 0.065806 0.870713
0.002136 0.012976 0.984888
0.000010 0.000481 0.999509
0.003591 0.000010 0.996399
0.693911 0.020723 0.285367
0.068193 0.047024 0.884783
0.009213 0.000010 0.990777
0.244480 0.042307 0.713213
0.213528 0.038934 0.747538
0.072040 0.037736 0.890224
0.060509 0.053310 0.886181
0.000333 0.008153 0.991513
0.000011 0.000010 0.999979
0.000010 0.000010 0.999980
0.016323 0.000010 0.983667
0.000010 0.007546 0.992444
0.001379 0.998611 0.000010
0.014377 0.000010 0.985613
0.700650 0.027073 0.272278
0.999980 0.000010 0.000010
0.005729 0.000010 0.994261
0.033124 0.007853 0.959023
0.000010 0.011726 0.988264
0.490821 0.016352 0.492827
0.009861 0.001726 0.988413
0.052690 0.072151 0.875159
0.000037 0.999930 0.000033
0.013389 0.013513 0.973098
0.000010 0.999980 0.000010
0.000010 0.453041 0.546949
0.524901 0.003737 0.471362
0.012754 0.009475 0.977771
0.494424 0.029220 0.476356
0.030884 0.028647 0.940469
0.694558 0.029632 0.275810
0.651282 0.022221 0.326497
0.034892 0.040623 0.924485
0.999980 0.000010 0.000010
0.017190 0.466592 0.516218
0.984826 0.005633 0.009541
0.011028 0.005949 0.983023
0.011986 0.000010 0.988004
0.478762 0.008310 0.512928
0.213838 0.028424 0.757738
0.001359 0.000010 0.998631
0.011112 0.930110 0.058778
0.631360 0.018285 0.350355
0.239444 0.169439 0.591117
0.006245 0.000010 0.993745
0.580221 0.015070 0.404709
0.006252 0.000123 0.993625
0.063407 0.059102 0.877491
0.028222 0.008482 0.963296
0.000017 0.999973 0.000010
0.015988 0.000010 0.984002
0.010283 0.006322 0.983395
0.002016 0.000010 0.997974
0.578876 0.024545 0.396579
0.037216 0.021818 0.940965
0.000010 0.000010 0.999980
0.000811 0.004973 0.994216
0.000010 0.000010 0.999980
0.031294 0.002665 0.966040
0.507139 0.026316 0.466545
0.067778 0.049954 0.882268
0.032474 0.038834 0.928693
0.009530 0.000010 0.990460
0.965883 0.006606 0.027511
0.000010 0.007867 0.992123
0.032946 0.226025 0.741029
0.441783 0.027323 0.530894
0.500063 0.021428 0.478508
0.015318 0.004529 0.980153
0.000010 0.000010 0.999980
0.038322 0.006056 0.955622
0.033233 0.963922 0.002845
0.041754 0.005984 0.952262
0.431389 0.024832 0.543779
0.017832 0.024714 0.957455
0.019712 0.017678 0.962610
0.026171 0.389465 0.584364
0.658984 0.030868 0.310148
0.005916 0.000010 0.994074
0.009840 0.964241 0.025919
0.022178 0.000010 0.977812
0.010097 0.001745 0.988159
0.459811 0.015965 0.524225
0.006850 0.000010 0.993140
0.385797 0.070447 0.543756
0.250370 0.031747 0.717884
0.007337 0.000010 0.992653
0.008168 0.000010 0.991822
0.013073 0.019815 0.967112
0.042515 0.240939 0.716546
0.000010 0.000010 0.999980
0.408682 0.019842 0.571476
0.444009 0.014735 0.541256
0.007528 0.905226 0.087246
0.999980 0.000010 0.000010
0.004284 0.825232 0.170484
0.000010 0.060477 0.939513
0.496955 0.023890 0.479155
0.009254 0.020189 0.970557
0.000010 0.909936 0.090054
0.020479 0.013502 0.966019
0.099883 0.005000 0.895118
0.637970 0.016905 0.345124
0.012059 0.000010 0.987931
0.000010 0.993125 0.006865
0.383580 0.027103 0.589317
0.051907 0.027635 0.920458
0.004433 0.004876 0.990691
0.011655 0.007579 0.980765
0.000011 0.000010 0.999979
0.004360 0.951160 0.044480
0.000698 0.011598 0.987704
0.035103 0.888011 0.076887
0.242462 0.399234 0.358304
0.043004 0.000010 0.956986
0.999980 0.000010 0.000010
0.008773 0.036397 0.954831
0.019307 0.009705 0.970988
0.023686 0.003307 0.973007
0.159185 0.491581 0.349234
0.476478 0.008523 0.514999
0.000010 0.000010 0.999980
0.020082 0.007029 0.972889
0.012158 0.588179 0.399663
0.999980 0.000010 0.000010
0.441736 0.011819 0.546445
0.012440 0.000010 0.987550
0.009566 0.000010 0.990424
0.007268 0.000010 0.992722
0.000462 0.000010 0.999528
0.999980 0.000010 0.000010
0.479744 0.012582 0.507675
0.443531 0.016095 0.540374
0.505638 0.029672 0.464690
0.024249 0.011451 0.964300
0.001014 0.975093 0.023893
0.120535 0.000010 0.879455
0.011643 0.005748 0.982609
0.048441 0.023893 0.927666
0.007423 0.004140 0.988436
0.009228 0.005911 0.984862
0.009031 0.950954 0.040016
0.000010 0.000010 0.999980
0.060794 0.006400 0.932806
0.029258 0.000010 0.970732
0.656407 0.041223 0.302370
0.999980 0.000010 0.000010
0.494143 0.015982 0.489875
0.217413 0.051008 0.731579
0.000010 0.999980 0.000010
0.017527 0.013184 0.969289
0.465569 0.020664 0.513767
0.582285 0.017030 0.400686
0.007318 0.000010 0.992672
0.426582 0.019758 0.553660
0.000010 0.997852 0.002138
0.497166 0.022486 0.480349
0.001698 0.982080 0.016222
0.575489 0.017325 0.407186
0.009576 0.017161 0.973263
0.002335 0.003542 0.994123
0.006712 0.000010 0.993278
0.999980 0.000010 0.000010
0.472892 0.019717 0.507391
0.027643 0.000010 0.972347
0.006129 0.000010 0.993861
0.007975 0.426870 0.565155
0.576752 0.026862 0.396386
0.858828 0.014753 0.126419
0.672116 0.037593 0.290291
0.996269 0.003721 0.000010
0.000010 0.000010 0.999980
0.055150 0.051046 0.893804
0.029906 0.003343 0.966752
0.013871 0.036967 0.949162
0.000010 0.001609 0.998381
0.559888 0.000010 0.440102
0.019002 0.000010 0.980988
0.002762 0.000010 0.997228
0.139934 0.006656 0.853410
0.666383 0.031856 0.301761
0.023971 0.000010 0.976019
0.029542 0.000010 0.970448
0.000010 0.000010 0.999980
0.694470 0.013373 0.292157
0.560339 0.021421 0.418240
0.016478 0.982502 0.001020
0.971563 0.007921 0.020516
0.037679 0.000010 0.962311
0.004026 0.000306 0.995668
0.999980 0.000010 0.000010
0.001999 0.000010 0.997991
0.491163 0.017406 0.491431
0.021061 0.219507 0.759432
0.999980 0.000010 0.000010
0.644135 0.017120 0.338746
0.999980 0.000010 0.000010
0.000010 0.997836 0.002154
0.471117 0.023422 0.505461
0.068910 0.058168 0.872922
0.000010 0.006266 0.993724
0.071528 0.411778 0.516694
0.000010 0.000010 0.999980
0.000010 0.000010 0.999980
0.009410 0.674579 0.316011
0.558993 0.024345 0.416661
0.003943 0.019812 0.976245
0.020195 0.475503 0.504302
0.000010 0.999980 0.000010
0.055929 0.023499 0.920572
0.000010 0.999980 0.000010
0.007200 0.000010 0.992790
0.014076 0.004673 0.981251
0.000010 0.999980 0.000010
0.468201 0.015196 0.516603
0.000010 0.935943 0.064047
0.055814 0.008849 0.935337
0.017365 0.000010 0.982625
0.000010 0.006218 0.993772
0.000010 0.005975 0.994015
0.327900 0.000728 0.671372
0.517994 0.003449 0.478557
0.011318 0.000010 0.988672
0.006973 0.000010 0.993017
0.065959 0.042508 0.891534
0.007259 0.000010 0.992731
0.000010 0.000010 0.999980
0.012977 0.018906 0.968117
0.081874 0.029290 0.888835
0.014616 0.122111 0.863272
0.002405 0.997585 0.000010
0.007721 0.000010 0.992269
0.043465 0.055768 0.900768
0.006757 0.993233 0.000010
0.024247 0.000010 0.975743
0.021834 0.000010 0.978156
0.020097 0.000010 0.979893
0.602350 0.030022 0.367627
0.123400 0.068026 0.808574
0.012456 0.007058 0.980486
0.008334 0.000010 0.991656
0.007781 0.000010 0.992209
0.005367 0.015000 0.979633
0.034863 0.016791 0.948345
0.455851 0.041934 0.502215
0.000810 0.000010 0.999180
0.003986 0.839231 0.156782
0.000010 0.005067 0.994923
0.001658 0.998332 0.000010
0.009622 0.834026 0.156352
0.008262 0.000010 0.991728
0.000010 0.817087 0.182903
0.007829 0.966350 0.025821
0.377552 0.009457 0.612991
0.009753 0.014159 0.976088
0.585950 0.024416 0.389634
0.999980 0.000010 0.000010
0.584509 0.018991 0.396500
0.038533 0.002180 0.959287
0.440241 0.013585 0.546175
0.008292 0.002174 0.989535
0.000010 0.999980 0.000010
0.048543 0.049011 0.902446
0.477133 0.012564 0.510303
0.005398 0.978696 0.015906
0.009311 0.005731 0.984957
0.065461 0.061301 0.873237
0.016613 0.000010 0.983377
0.007846 0.003559 0.988594
0.003160 0.992431 0.004409
0.004353 0.000010 0.995637
0.000010 0.004872 0.995118
0.033651 0.000010 0.966339
0.264178 0.000010 0.735812
0.001662 0.000010 0.998328
0.008146 0.001991 0.989863
0.999980 0.000010 0.000010
0.003111 0.008670 0.988219
0.431889 0.015408 0.552703
0.999980 0.000010 0.000010
0.000010 0.999980 0.000010
0.005758 0.011974 0.982268
0.466575 0.015914 0.517511
0.014655 0.006192 0.979154
0.006095 0.005843 0.988062
0.534717 0.014206 0.451077
0.690982 0.020375 0.288643
0.019197 0.028717 0.952086
0.008289 0.000010 0.991701
0.019742 0.009586 0.970673
0.010956 0.000010 0.989034
0.420553 0.013869 0.565578
0.050878 0.055943 0.893180
0.000010 0.831726 0.168264
0.999980 0.000010 0.000010
0.116699 0.030603 0.852697
0.002599 0.000010 0.997391
0.000010 0.000010 0.999980
0.032768 0.805574 0.161658
0.004234 0.002913 0.992854
0.016053 0.005484 0.978462
0.011714 0.007996 0.980290
0.599710 0.015350 0.384939
0.002469 0.995370 0.002161
0.000962 0.889726 0.109312
0.004092 0.015307 0.980601
0.009426 0.001927 0.988647
0.574370 0.018886 0.406744
0.002388 0.000010 0.997602
0.537849 0.042353 0.419798
0.001889 0.000010 0.998101
0.005114 0.005613 0.989274
0.013490 0.010377 0.976133
0.547854 0.028979 0.423167
0.468364 0.025786 0.505850
0.015432 0.010095 0.974472
0.000010 0.002205 0.997785
0.005261 0.901193 0.093546
0.000010 0.001218 0.998772
0.024436 0.047860 0.927704
0.530527 0.027006 0.442466
0.461373 0.014937 0.523690
0.009218 0.000010 0.990772
0.348237 0.038685 0.613078
0.011218 0.003388 0.985393
0.004403 0.009424 0.986173
0.015412 0.058719 0.925869
0.956267 0.005187 0.038546
0.989834 0.006454 0.003712
0.048541 0.038489 0.912970
0.034858 0.000010 0.965132
0.001139 0.998851 0.000010
0.005310 0.000010 0.994680
0.539772 0.013404 0.446824
0.022491 0.002672 0.974837
0.486119 0.025956 0.487925
0.665186 0.023465 0.311349
0.980148 0.000010 0.019842
0.366386 0.441333 0.192281
0.012737 0.693754 0.293509
0.013238 0.000010 0.986752
0.000010 0.000010 0.999980
0.026854 0.000010 0.973136
0.643010 0.010916 0.346075
0.498122 0.022403 0.479475
0.003136 0.011969 0.984896
0.514194 0.026734 0.459071
0.042701 0.027182 0.930117
0.108457 0.571335 0.320208
0.493570 0.024794 0.481635
0.686431 0.018636 0.294932
0.602120 0.014450 0.383430
0.000010 0.000010 0.999980
0.034788 0.031958 0.933254
0.000010 0.757949 0.242041
0.000010 0.011935 0.988055
0.012792 0.032854 0.954355
0.000099 0.000010 0.999891
0.004931 0.000475 0.994594
0.008245 0.000010 0.991745
0.007668 0.944759 0.047573
0.024426 0.138446 0.837128
0.058432 0.052007 0.889561
0.008949 0.008706 0.982345
0.066896 0.055779 0.877325
0.006895 0.000010 0.993095
0.000576 0.955552 0.043872
0.009101 0.052618 0.938281
0.006004 0.000010 0.993986
0.994725 0.000932 0.004343
0.000010 0.000010 0.999980
0.000010 0.862086 0.137904
0.000010 0.999980 0.000010
0.009421 0.000010 0.990569
0.008066 0.943971 0.047964
0.005393 0.924824 0.069783
0.006754 0.893993 0.099253
0.427066 0.014475 0.558459
0.000501 0.000208 0.999291
0.089367 0.483216 0.427417
0.604401 0.018165 0.377434
0.451380 0.020763 0.527858
0.000010 0.989316 0.010674
0.011725 0.000010 0.988265
0.022100 0.000619 0.977281
0.000010 0.002333 0.997657
0.000255 0.853830 0.145915
0.000183 0.002593 0.997225
0.055012 0.050272 0.894716
0.142107 0.041937 0.815956
0.013289 0.000010 0.986701
0.002463 0.000010 0.997527
0.999980 0.000010 0.000010
0.001120 0.000010 0.998870
0.000010 0.967682 0.032308
0.016066 0.420992 0.562942
0.008289 0.002627 0.989084
0.009636 0.875886 0.114478
0.000010 0.661771 0.338219
0.006801 0.007221 0.985979
0.034412 0.000010 0.965578
0.055625 0.007767 0.936608
0.000010 0.000010 0.999980
0.089325 0.123929 0.786746
0.465605 0.018165 0.516229
0.620242 0.009224 0.370535
0.457765 0.018982 0.523253
0.036320 0.008455 0.955225
0.000010 0.999980 0.000010
0.000010 0.000010 0.999980
0.486156 0.023624 0.490220
0.383839 0.021549 0.594612
0.007263 0.000010 0.992727
0.028825 0.032177 0.938998
0.010694 0.954108 0.035198
0.183156 0.548231 0.268613
0.050573 0.002612 0.946816
0.074753 0.494835 0.430413
0.003778 0.000010 0.996212
0.027361 0.038591 0.934048
0.232752 0.008938 0.758310
0.470573 0.021737 0.507690
0.474086 0.007535 0.518379
0.209975 0.037847 0.752178
0.009062 0.040349 0.950589
0.216484 0.038875 0.744642
0.038429 0.031750 0.929821
0.004658 0.000010 0.995332
0.354487 0.004709 0.640804
0.117226 0.041977 0.840797
0.012426 0.000010 0.987564
0.012733 0.002237 0.985030
0.017513 0.028901 0.953586
0.493178 0.026118 0.480704
0.999980 0.000010 0.000010
0.005209 0.000010 0.994781
0.022003 0.000010 0.977987
0.023118 0.000010 0.976872
0.022113 0.000010 0.977877
0.023674 0.004190 0.972136
0.006415 0.000010 0.993575
0.000010 0.000010 0.999980
0.068561 0.000010 0.931429
0.045861 0.043152 0.910987
0.020303 0.000010 0.979687
0.999980 0.000010 0.000010
0.000010 0.999980 0.000010
0.407542 0.019543 0.572916
0.020629 0.002406 0.976966
0.023483 0.000360 0.976158
0.106884 0.015027 0.878089
0.005611 0.000010 0.994379
0.001375 0.023267 0.975358
0.004035 0.990056 0.005909
0.007545 0.000010 0.992445
0.003064 0.511489 0.485447
0.007594 0.822159 0.170247
0.025928 0.005225 0.968847
0.000010 0.979064 0.020926
0.000010 0.993555 0.006435
0.004873 0.000010 0.995117
0.018455 0.000010 0.981535
0.000010 0.003954 0.996036
0.527651 0.006941 0.465407
0.018003 0.004964 0.977033
0.000010 0.999980 0.000010
0.436155 0.027619 0.536226
0.027857 0.007764 0.964379
0.007146 0.000010 0.992844
0.000010 0.000010 0.999980
0.011680 0.000010 0.988310
0.000010 0.908776 0.091214
0.999312 0.000678 0.000010
0.684695 0.040454 0.274852
0.015817 0.000010 0.984173
0.000010 0.997521 0.002469
0.012854 0.004753 0.982393
0.226125 0.042670 0.731205
0.058658 0.002829 0.938513
0.090835 0.068213 0.840952
0.082675 0.043738 0.873587
0.547020 0.016084 0.436896
0.130832 0.049147 0.820021
0.000010 0.005505 0.994485
0.024305 0.015007 0.960688
0.501089 0.005979 0.492932
0.289568 0.184864 0.525569
0.176607 0.008428 0.814965
0.012351 0.000010 0.987639
0.000010 0.000010 0.999980
0.004742 0.000010 0.995248
0.019308 0.000010 0.980682
0.011218 0.000010 0.988772
0.506426 0.017266 0.476308
0.005101 0.000010 0.994889
0.551292 0.009309 0.439399
0.463156 0.019844 0.517000
0.495679 0.012759 0.491562
0.000010 0.910004 0.089986
0.000010 0.000010 0.999980
0.014856 0.000010 0.985134
0.000010 0.001771 0.998219
0.044804 0.033310 0.921886
0.009821 0.940657 0.049522
0.005025 0.000010 0.994965
0.162042 0.048225 0.789733
0.004316 0.000010 0.995674
0.001040 0.499266 0.499693
0.986579 0.000010 0.013411
0.008663 0.000010 0.991327
0.058875 0.041802 0.899323
0.999980 0.000010 0.000010
0.038975 0.010990 0.950035
0.016738 0.028297 0.954965
0.019849 0.001440 0.978711
0.000010 0.921256 0.078734
0.000010 0.999980 0.000010
0.004773 0.000010 0.995217
0.038020 0.000010 0.961970
0.000723 0.000010 0.999267
0.122187 0.026530 0.851284
0.495891 0.009316 0.494793
0.000010 0.005175 0.994815
0.000010 0.170083 0.829907
0.000010 0.005316 0.994674
0.005045 0.994945 0.000010
0.660091 0.014037 0.325872
0.000010 0.999980 0.000010
0.009786 0.000010 0.990204
0.000010 0.000010 0.999980
0.518696 0.035753 0.445551
0.046883 0.010217 0.942901
0.006618 0.011138 0.982244
0.007370 0.865196 0.127434
0.596628 0.020598 0.382774
0.070698 0.010053 0.919249
0.000011 0.000010 0.999979
0.004884 0.984817 0.010298
0.158378 0.004486 0.837136
0.005354 0.969998 0.024648
0.014232 0.000010 0.985758
0.168224 0.210019 0.621757
0.004143 0.625509 0.370347
0.209437 0.123250 0.667313
0.000010 0.999980 0.000010
0.006653 0.973440 0.019907
0.007066 0.001677 0.991257
0.016251 0.000416 0.983334
0.007301 0.000010 0.992689
0.629845 0.032445 0.337710
0.003535 0.000010 0.996455
0.003151 0.000010 0.996839
0.009395 0.422194 0.568410
0.315449 0.007141 0.677410
0.006262 0.000010 0.993728
0.060475 0.054771 0.884754
0.033925 0.009342 0.956733
0.005313 0.043790 0.950897
0.014456 0.985534 0.000010
0.000010 0.999980 0.000010
0.000010 0.000010 0.999980
0.000010 0.002478 0.997512
0.000010 0.000010 0.999980
0.707694 0.028879 0.263427
0.016748 0.000010 0.983242
0.008623 0.002881 0.988496
0.032936 0.036679 0.930385
0.008873 0.000010 0.991117
0.617845 0.024230 0.357925
0.008693 0.000010 0.991297
0.000598 0.005128 0.994274
0.424507 0.028652 0.546841
0.097981 0.080515 0.821504
0.009837 0.003674 0.986489
0.016169 0.003406 0.980425
0.189699 0.041977 0.768325
0.007469 0.000010 0.992521
0.662925 0.026273 0.310802
0.159271 0.001455 0.839274
0.425491 0.011797 0.562712
0.425016 0.023961 0.551023
0.999980 0.000010 0.000010
0.482683 0.020696 0.496620
0.111815 0.173406 0.714779
0.999980 0.000010 0.000010
0.221185 0.041571 0.737244
0.615137 0.009275 0.375588
0.011119 0.000010 0.988871
0.000010 0.000010 0.999980
0.092061 0.196397 0.711542
0.627857 0.029755 0.342389
0.002945 0.000010 0.997045
0.000010 0.895239 0.104751
0.331813 0.339504 0.328683
0.014736 0.001749 0.983515
0.000011 0.000010 0.999979
0.055814 0.820883 0.123303
0.030556 0.000010 0.969434
0.000010 0.999980 0.000010
0.080880 0.026777 0.892343
0.539172 0.036542 0.424285
0.499876 0.012581 0.487543
0.006500 0.982505 0.010995
0.000010 0.854890 0.145100
0.473425 0.023064 0.503511
0.009033 0.001935 0.989032
0.000010 0.009510 0.990480
0.602091 0.020905 0.377004
0.675048 0.027956 0.296996
0.005990 0.001407 0.992603
0.021441 0.000010 0.978549
0.009398 0.000010 0.990592
0.149051 0.004336 0.846613
0.007997 0.000010 0.991993
0.000010 0.999980 0.000010
0.004900 0.804245 0.190855
0.000010 0.997813 0.002177
0.003508 0.790966 0.205526
0.005914 0.000010 0.994076
0.010349 0.000010 0.989641
0.000010 0.000010 0.999980
0.116477 0.492588 0.390935
0.299115 0.048522 0.652363
0.016220 0.000010 0.983770
0.069934 0.071527 0.858539
0.000010 0.615265 0.384725
0.000010 0.999980 0.000010
0.015142 0.800374 0.184484
0.000252 0.994170 0.005578
0.008568 0.006536 0.984896
0.060449 0.036549 0.903001
0.218391 0.599789 0.181820
0.005237 0.000010 0.994753
0.052210 0.003898 0.943892
0.685818 0.028057 0.286125
0.099282 0.049252 0.851467
0.683501 0.022435 0.294064
0.000010 0.000493 0.999497
0.002280 0.000010 0.997710
0.176407 0.074628 0.748964
0.079926 0.044377 0.875697
0.008723 0.000010 0.991267
0.072432 0.045780 0.881788
0.658117 0.002923 0.338960
0.011402 0.007877 0.980721
0.989898 0.006673 0.003430
0.034551 0.007214 0.958235
0.001602 0.000010 0.998388
0.000010 0.000010 0.999980
0.014308 0.015567 0.970125
0.000010 0.975136 0.024854
0.092577 0.850735 0.056687
0.102797 0.068387 0.828816
0.152618 0.127300 0.720082
0.344659 0.042771 0.612570
0.004131 0.000010 0.995859
0.000010 0.785736 0.214254
0.000010 0.468550 0.531440
0.451725 0.008313 0.539962
0.003030 0.000010 0.996960
0.009732 0.000010 0.990258
0.000010 0.008045 0.991945
0.850676 0.009715 0.139609
0.691152 0.026298 0.282551
0.007378 0.000010 0.992612
0.000010 0.000010 0.999980
0.000010 0.984144 0.015846
0.009347 0.007671 0.982982
0.011111 0.000010 0.988879
0.003450 0.004946 0.991604
0.000658 0.914951 0.084391
0.538861 0.025443 0.435697
0.000010 0.005548 0.994442
0.511872 0.021906 0.466223
0.003990 0.003684 0.992325
0.048199 0.000010 0.951791
0.004862 0.001292 0.993847
0.059851 0.075537 0.864612
0.026951 0.023797 0.949252
0.013840 0.000010 0.986150
0.005664 0.006632 0.987704
0.007985 0.945616 0.046399
0.021358 0.011365 0.967277
0.649829 0.027375 0.322796
0.064492 0.035194 0.900313
0.999980 0.000010 0.000010
0.061844 0.054103 0.884053
0.040282 0.022293 0.937425
0.044246 0.033301 0.922453
0.007007 0.003289 0.989705
0.437090 0.024508 0.538401
0.044034 0.000010 0.955956
0.530223 0.000010 0.469767
0.032895 0.008472 0.958633
0.008702 0.000010 0.991288
0.000019 0.999971 0.000010
0.002751 0.007023 0.990226
0.036009 0.000010 0.963981
0.018672 0.000010 0.981318
0.000010 0.000010 0.999980
0.656086 0.026535 0.317379
0.021077 0.000010 0.978913
0.000010 0.000010 0.999980
0.029221 0.000010 0.970769
0.042552 0.033037 0.924411
0.008725 0.016512 0.974763
0.021048 0.061634 0.917318
0.002941 0.991355 0.005704
0.180750 0.051331 0.767919
0.037274 0.003730 0.958995
0.122622 0.047329 0.830049
0.646074 0.011968 0.341958
0.000010 0.905818 0.094172
0.003183 0.000010 0.996807
0.002854 0.992207 0.004938
0.202350 0.078834 0.718816
0.008901 0.962921 0.028178
0.004884 0.000010 0.995106
0.199048 0.048868 0.752085
0.015009 0.012877 0.972114
0.218823 0.048920 0.732257
0.004160 0.972398 0.023442
0.011240 0.000010 0.988750
0.032215 0.000010 0.967775
0.001788 0.000010 0.998202
0.066721 0.598419 0.334860
0.010162 0.000010 0.989828
0.083736 0.378929 0.537336
0.483772 0.024134 0.492093
0.000943 0.956468 0.042589
0.002178 0.000010 0.997812
0.097256 0.364111 0.538633
0.028783 0.005351 0.965866
0.572362 0.005082 0.422556
0.003932 0.002985 0.993083
0.011126 0.004052 0.984823
0.011011 0.505059 0.483931
0.011265 0.000010 0.988725
0.010742 0.006963 0.982295
0.451127 0.022720 0.526153
0.678258 0.024433 0.297309
0.000010 0.006254 0.993736
0.030107 0.011109 0.958784
0.547439 0.022289 0.430272
0.996556 0.001371 0.002073
0.006022 0.002312 0.991666
0.050388 0.053853 0.895759
0.044828 0.009110 0.946062
0.055884 0.828964 0.115152
0.000010 0.000010 0.999980
0.036380 0.151549 0.812071
0.360422 0.027608 0.611970
0.008270 0.003531 0.988199
0.057369 0.024001 0.918630
0.000011 0.000010 0.999979
0.000010 0.775582 0.224408
0.000010 0.002139 0.997851
0.003806 0.988918 0.007276
0.000010 0.008292 0.991698
0.018450 0.000010 0.981540
0.003481 0.000010 0.996509
0.020871 0.001792 0.977338
0.015613 0.000010 0.984377
0.009569 0.006079 0.984352
0.046169 0.729742 0.224089
0.485637 0.009343 0.505020
0.009415 0.000010 0.990575
0.460613 0.011375 0.528011
0.000010 0.000010 0.999980
0.009869 0.000010 0.990121
0.676523 0.036211 0.287266
0.000010 0.936154 0.063836
0.546453 0.021356 0.432191
0.007498 0.000010 0.992492
0.008640 0.714529 0.276831
0.016510 0.000010 0.983480
0.683417 0.020833 0.295749
0.032481 0.006460 0.961059
0.672986 0.027834 0.299180
0.007829 0.011677 0.980493
0.473352 0.015209 0.511440
0.000010 0.999980 0.000010
0.048104 0.007420 0.944476
0.000010 0.999980 0.000010
0.010712 0.016157 0.973132
0.000010 0.999980 0.000010
0.014855 0.015823 0.969322
0.006438 0.011110 0.982453
0.007932 0.010531 0.981538
0.006523 0.006980 0.986498
0.043024 0.000010 0.956966
0.007277 0.001114 0.991609
0.062055 0.931343 0.006602
0.026550 0.000010 0.973440
0.450575 0.019099 0.530327
0.000010 0.994417 0.005573
0.006021 0.220453 0.773526
0.999980 0.000010 0.000010
0.018353 0.007419 0.974229
0.001264 0.993260 0.005476
0.060061 0.000010 0.939929
0.013915 0.002673 0.983411
0.663010 0.020825 0.316165
0.399352 0.014902 0.585746
0.047419 0.000010 0.952571
0.999980 0.000010 0.000010
0.009509 0.000010 0.990481
0.007754 0.001141 0.991104
0.034922 0.010651 0.954428
0.006827 0.004945 0.988228
0.427995 0.030392 0.541613
0.000945 0.991269 0.007786
0.455581 0.028210 0.516209
0.000010 0.919223 0.080767
0.333715 0.000010 0.666275
0.004584 0.000010 0.995406
0.464435 0.020303 0.515262
0.009049 0.002372 0.988579
0.019785 0.000010 0.980205
0.000010 0.944338 0.055652
0.051673 0.041145 0.907182
0.002465 0.047557 0.949978
0.004334 0.000010 0.995656
0.019612 0.000010 0.980378
0.000010 0.000010 0.999980
0.000010 0.999980 0.000010
0.023279 0.000010 0.976711
0.653888 0.017331 0.328780
0.018381 0.004241 0.977379
0.032447 0.000010 0.967543
0.112883 0.048383 0.838734
0.022863 0.003314 0.973824
0.432348 0.022456 0.545196
0.009854 0.956939 0.033207
0.462449 0.016856 0.520695
0.067492 0.052140 0.880368
0.478643 0.046052 0.475305
0.007944 0.739671 0.252385
0.027340 0.000010 0.972650
0.000010 0.941130 0.058860
0.000010 0.015791 0.984199
0.046706 0.830465 0.122829
0.700216 0.025777 0.274007
0.170936 0.005904 0.823160
0.021329 0.001928 0.976743
0.000953 0.012459 0.986588
0.002872 0.010540 0.986588
0.000010 0.999980 0.000010
0.427485 0.025848 0.546667
0.000010 0.000010 0.999980
0.022331 0.005978 0.971691
0.065904 0.047887 0.886208
0.575949 0.026721 0.397330
0.022418 0.014972 0.962609
0.006296 0.913044 0.080660
0.009848 0.004283 0.985870
0.010552 0.005214 0.984234
0.000010 0.000010 0.999980
0.000010 0.999980 0.000010
0.004954 0.000010 0.995036
0.002682 0.009090 0.988228
0.000561 0.999429 0.000010
0.000010 0.586221 0.413769
0.012173 0.000010 0.987817
0.015291 0.000010 0.984699
0.006191 0.000010 0.993799
0.054878 0.031281 0.913841
0.000010 0.992227 0.007763
0.491385 0.027532 0.481083
0.010924 0.005766 0.983309
0.473509 0.013815 0.512675
0.001619 0.998371 0.000010
0.008071 0.005149 0.986779
0.016695 0.213134 0.770171
0.000010 0.973639 0.026351
0.613789 0.027383 0.358828
0.000010 0.999980 0.000010
0.009957 0.006747 0.983295
0.999980 0.000010 0.000010
0.019374 0.000485 0.980142
0.014881 0.002298 0.982821
0.000010 0.001837 0.998153
0.031550 0.000010 0.968440
0.004848 0.001076 0.994077
0.025202 0.024373 0.950425
0.040644 0.000010 0.959346
0.000010 0.000010 0.999980
0.025287 0.000010 0.974703
0.001631 0.001988 0.996381
0.426914 0.018653 0.554433
0.000010 0.000010 0.999980
0.014707 0.000010 0.985283
0.365713 0.000010 0.634277
0.000012 0.000010 0.999978
0.001688 0.000010 0.998302
0.019141 0.000010 0.980849
0.025072 0.854916 0.120012
0.027310 0.000010 0.972680
0.017036 0.686664 0.296300
0.999980 0.000010 0.000010
0.005416 0.000010 0.994574
0.003792 0.000010 0.996198
0.005455 0.002644 0.991901
0.024256 0.820468 0.155276
0.042821 0.836715 0.120464
0.999980 0.000010 0.000010
0.000010 0.000010 0.999980
0.000010 0.002106 0.997884
0.080289 0.044027 0.875685
0.314068 0.013271 0.672661
0.569099 0.013867 0.417033
0.028397 0.010965 0.960638
0.462690 0.012636 0.524674
0.544703 0.031100 0.424196
0.001186 0.004523 0.994291
0.000010 0.006340 0.993650
0.011436 0.004571 0.983993
0.001279 0.002710 0.996012
0.002250 0.000010 0.997740
0.008055 0.000010 0.991935
0.063510 0.068195 0.868295
0.000010 0.002272 0.997718
0.313264 0.017441 0.669295
0.999980 0.000010 0.000010
0.000010 0.499039 0.500951
0.000670 0.000010 0.999320
0.009576 0.012963 0.977461
0.024737 0.000010 0.975253
0.002360 0.002251 0.995389
0.999980 0.000010 0.000010
0.004399 0.000010 0.995591
0.024929 0.000010 0.975061
0.659140 0.021980 0.318879
0.999980 0.000010 0.000010
0.000010 0.999980 0.000010
0.082007 0.053487 0.864506
0.023943 0.016072 0.959986
0.005229 0.000010 0.994761
0.704612 0.025638 0.269750
0.000010 0.005157 0.994833
0.020190 0.003620 0.976190
0.000010 0.010917 0.989073
0.002765 0.000010 0.997225
0.000010 0.000010 0.999980
0.000010 0.492181 0.507809
0.011363 0.000257 0.988379
0.915828 0.015742 0.068430
0.000010 0.000010 0.999980
0.002085 0.003150 0.994765
0.413684 0.021768 0.564548
0.000010 0.999980 0.000010
0.465274 0.023089 0.511636
0.000222 0.833272 0.166506
0.010467 0.003710 0.985823
