0.044224 0.000010 0.000010 0.915655 0.013417 0.000010 0.026673
0.013198 0.739082 0.029780 0.000010 0.111928 0.000010 0.105993
0.832443 0.053783 0.002480 0.000010 0.000010 0.000010 0.111265
0.114214 0.757345 0.017451 0.000010 0.048681 0.003535 0.058764
0.000010 0.000010 0.000010 0.999940 0.000010 0.000010 0.000010
0.948524 0.000010 0.000010 0.002484 0.000010 0.006976 0.041987
0.000010 0.000010 0.000010 0.978153 0.005970 0.000010 0.015837
0.200450 0.000010 0.000010 0.002557 0.053217 0.510194 0.233562
0.878311 0.017610 0.000797 0.000010 0.039242 0.003266 0.060764
0.501274 0.022638 0.005297 0.000010 0.097029 0.009975 0.363777
0.000010 0.931349 0.000010 0.000010 0.015347 0.048444 0.004829
0.075848 0.036351 0.007355 0.031217 0.678804 0.003939 0.166486
0.822829 0.027740 0.007043 0.001077 0.036895 0.000010 0.104406
0.887828 0.021945 0.007011 0.013411 0.000010 0.007952 0.061844
0.077821 0.029657 0.012603 0.008975 0.752278 0.027478 0.091188
0.000010 0.875731 0.000010 0.002483 0.017073 0.103124 0.001570
0.390879 0.025701 0.007639 0.000060 0.184123 0.019768 0.371829
0.773316 0.006329 0.000071 0.000010 0.070867 0.013840 0.135567
0.004433 0.005373 0.000010 0.975004 0.004284 0.004893 0.006003
0.000010 0.000010 0.000010 0.000010 0.000010 0.999940 0.000010
0.724319 0.002903 0.009685 0.000010 0.046568 0.003509 0.213006
0.000010 0.771241 0.004294 0.000010 0.134630 0.036474 0.053343
0.675777 0.017264 0.000010 0.002644 0.096551 0.003441 0.204314
0.916774 0.001305 0.018268 0.000010 0.000010 0.009624 0.054009
0.478802 0.034553 0.000010 0.000010 0.075175 0.007330 0.404121
0.004781 0.872075 0.013817 0.000010 0.006903 0.076839 0.025576
0.492742 0.022027 0.011130 0.022959 0.137144 0.028926 0.285073
0.029188 0.007840 0.000010 0.959200 0.003741 0.000011 0.000010
0.436679 0.002992 0.008790 0.002009 0.082400 0.000010 0.467120
0.927291 0.004964 0.008978 0.003897 0.032363 0.000010 0.022498
0.075082 0.725416 0.026882 0.000951 0.090618 0.029384 0.051667
0.000010 0.027447 0.000010 0.959810 0.005887 0.006825 0.000010
0.651788 0.018063 0.007153 0.000010 0.086687 0.000010 0.236288
0.039549 0.159196 0.000596 0.030781 0.721939 0.000918 0.047023
0.268817 0.033880 0.010454 0.008577 0.522534 0.009312 0.146427
0.043684 0.833630 0.006334 0.000010 0.034417 0.048657 0.033268
0.000010 0.000010 0.000010 0.992553 0.002749 0.000010 0.004658
0.000010 0.000010 0.000010 0.000010 0.000010 0.999940 0.000010
0.088234 0.641011 0.001594 0.006931 0.177199 0.000010 0.085022
0.252615 0.020505 0.000010 0.002810 0.158486 0.009486 0.556088
0.000010 0.000010 0.000010 0.999940 0.000010 0.000010 0.000010
0.045912 0.205850 0.053495 0.631689 0.000010 0.049886 0.013158
0.204206 0.038602 0.000010 0.013727 0.551921 0.000010 0.191525
0.020840 0.003246 0.006402 0.947503 0.004275 0.000010 0.017722
0.091721 0.713974 0.032590 0.000010 0.061099 0.019018 0.081587
0.185345 0.000010 0.001220 0.693787 0.039318 0.009797 0.070523
0.010687 0.013229 0.009618 0.014827 0.728391 0.019926 0.203323
0.000010 0.090892 0.000010 0.004414 0.802468 0.009402 0.092803
0.150112 0.036534 0.007866 0.002237 0.445791 0.007419 0.350040
0.066487 0.758315 0.024466 0.000010 0.061286 0.015021 0.074415
0.776734 0.041103 0.005083 0.000010 0.028455 0.000010 0.148605
0.012870 0.884810 0.006131 0.007730 0.000801 0.087648 0.000010
0.314379 0.042105 0.000010 0.000010 0.075380 0.018396 0.549719
0.600701 0.047264 0.004235 0.004724 0.061145 0.000010 0.281920
0.319466 0.005532 0.000010 0.505342 0.057710 0.000010 0.111930
0.147680 0.673857 0.018651 0.000010 0.076046 0.001477 0.082280
0.000010 0.000010 0.017208 0.000010 0.000010 0.982742 0.000010
0.930219 0.000010 0.000010 0.007705 0.015151 0.000010 0.046894
0.000010 0.000010 0.000010 0.000010 0.000010 0.999940 0.000010
0.340457 0.014199 0.003996 0.006202 0.399277 0.010774 0.225095
0.034520 0.044305 0.006205 0.012999 0.746916 0.017758 0.137297
0.000010 0.722914 0.022037 0.009219 0.158252 0.009565 0.078005
0.516461 0.000010 0.015472 0.009033 0.115286 0.000010 0.343729
0.784130 0.017735 0.001715 0.000010 0.034769 0.009308 0.152334
0.399514 0.000010 0.018317 0.115029 0.312486 0.008772 0.145871
0.898976 0.002461 0.001834 0.000611 0.014508 0.002644 0.078967
0.833756 0.015751 0.022253 0.000010 0.025188 0.000010 0.103031
0.573941 0.028380 0.003382 0.000010 0.137348 0.000381 0.256558
0.000010 0.007016 0.000010 0.951259 0.039419 0.002276 0.000010
0.722358 0.030437 0.015946 0.000010 0.063568 0.000010 0.167671
0.000010 0.000010 0.000010 0.000233 0.000010 0.999717 0.000010
0.165758 0.000010 0.003727 0.703885 0.029401 0.008344 0.088876
0.782129 0.026301 0.005328 0.000010 0.068006 0.000010 0.118217
0.789367 0.007667 0.008688 0.004625 0.043662 0.000010 0.145982
0.047824 0.549100 0.012791 0.036029 0.324357 0.000010 0.029890
0.721322 0.035101 0.000010 0.000010 0.056824 0.009872 0.176860
0.908367 0.015599 0.011876 0.000010 0.000010 0.001587 0.062552
0.201095 0.021476 0.003731 0.732264 0.000010 0.000010 0.041414
0.026283 0.000010 0.011367 0.951104 0.000010 0.001577 0.009650
0.275030 0.021201 0.014905 0.000010 0.109142 0.000010 0.579703
0.430614 0.050861 0.004480 0.001306 0.046390 0.000330 0.466019
0.045996 0.040970 0.009884 0.024763 0.720163 0.009801 0.148423
0.269083 0.064720 0.004684 0.075450 0.476369 0.017501 0.092195
0.484495 0.007153 0.000013 0.000010 0.036026 0.010364 0.461939
0.874588 0.000010 0.000010 0.000010 0.063329 0.000010 0.062043
0.954253 0.031460 0.006508 0.000010 0.000010 0.000010 0.007749
0.011974 0.810816 0.013232 0.005855 0.091843 0.009265 0.057014
0.178431 0.049744 0.000010 0.566276 0.039764 0.043524 0.122251
0.205893 0.331029 0.027180 0.003951 0.048161 0.267324 0.116462
0.001617 0.800639 0.015089 0.005731 0.125564 0.051350 0.000010
0.896548 0.034913 0.000010 0.000010 0.045792 0.001490 0.021237
0.571374 0.025897 0.031196 0.000010 0.003915 0.008578 0.359031
0.850737 0.004137 0.021454 0.009076 0.000010 0.000010 0.114575
0.030412 0.004125 0.000995 0.926645 0.022249 0.000010 0.015563
0.223782 0.001754 0.009061 0.000010 0.115629 0.008472 0.641292
0.131962 0.000725 0.000010 0.821398 0.045885 0.000010 0.000010
0.035939 0.822445 0.015046 0.001085 0.012267 0.113207 0.000010
0.829524 0.026487 0.000010 0.007902 0.049147 0.002265 0.084664
0.830398 0.020492 0.005650 0.003933 0.026575 0.000010 0.112943
0.085750 0.052092 0.000010 0.000010 0.733263 0.014161 0.114714
0.733359 0.018447 0.013085 0.000010 0.148398 0.004409 0.082292
0.751460 0.019590 0.002793 0.004822 0.070267 0.000010 0.151058
0.534310 0.000010 0.008440 0.005691 0.130834 0.000010 0.320706
0.110632 0.072155 0.000010 0.020333 0.706304 0.000010 0.090555
0.574026 0.027228 0.013245 0.001519 0.096733 0.000010 0.287239
0.852730 0.002592 0.001284 0.015372 0.053346 0.006285 0.068390
0.524268 0.027791 0.000010 0.045849 0.298412 0.000010 0.103660
0.530126 0.010471 0.014540 0.000010 0.119185 0.006527 0.319142
0.306762 0.486354 0.011751 0.019598 0.035129 0.068401 0.072004
0.251672 0.000010 0.000010 0.011069 0.626114 0.002698 0.108426
0.057412 0.320058 0.006401 0.000010 0.559646 0.000010 0.056464
0.010296 0.000010 0.000010 0.977312 0.003525 0.000010 0.008837
0.881194 0.019394 0.000010 0.000097 0.053515 0.015243 0.030547
0.734888 0.000010 0.001570 0.004195 0.050220 0.007024 0.202094
0.397578 0.032467 0.002971 0.000010 0.130838 0.004165 0.431970
0.085141 0.000010 0.004241 0.879692 0.024695 0.000010 0.006211
0.201652 0.032503 0.000010 0.027178 0.581604 0.000010 0.157042
0.017090 0.708320 0.016392 0.000010 0.111967 0.070606 0.075615
0.067083 0.018070 0.012912 0.002803 0.000010 0.026949 0.872172
0.080786 0.000010 0.008741 0.849701 0.032473 0.000010 0.028278
0.741081 0.014623 0.012727 0.002313 0.085553 0.004435 0.139268
0.430129 0.000010 0.020599 0.208790 0.090673 0.000010 0.249789
0.543565 0.000010 0.014564 0.004726 0.143017 0.011311 0.282807
0.060784 0.002550 0.002912 0.882849 0.021080 0.000010 0.029814
0.000010 0.000010 0.000010 0.000010 0.000010 0.999940 0.000010
0.083238 0.063202 0.000010 0.000010 0.659796 0.023893 0.169850
0.065876 0.777851 0.035955 0.000010 0.114973 0.005325 0.000010
0.353670 0.004904 0.022347 0.002203 0.120479 0.005555 0.490842
0.217333 0.000010 0.014476 0.008241 0.126031 0.011921 0.621989
0.793911 0.002963 0.000010 0.000010 0.057265 0.012818 0.133023
0.376253 0.024959 0.007190 0.008023 0.242413 0.000010 0.341152
0.010555 0.003174 0.016492 0.963646 0.000010 0.005857 0.000265
0.045994 0.000010 0.002000 0.894183 0.001573 0.000010 0.056231
0.404434 0.029802 0.006149 0.000010 0.117293 0.003446 0.438867
0.003562 0.015277 0.013676 0.006986 0.119853 0.011880 0.828766
0.045528 0.143134 0.001309 0.766949 0.012815 0.000010 0.030256
0.701675 0.025305 0.005536 0.000010 0.069626 0.000010 0.197839
0.548075 0.014857 0.000010 0.008209 0.085586 0.000928 0.342335
0.044355 0.036403 0.010250 0.007800 0.701362 0.024562 0.175268
0.850339 0.006117 0.008380 0.000485 0.080959 0.000010 0.053709
0.008639 0.000010 0.000010 0.991311 0.000010 0.000010 0.000010
0.905389 0.000010 0.007426 0.000010 0.053132 0.010355 0.023678
0.935108 0.012707 0.004017 0.000010 0.020886 0.005671 0.021601
0.869234 0.008740 0.001480 0.000010 0.044590 0.003125 0.072821
0.188319 0.006627 0.402350 0.047831 0.239127 0.008081 0.107665
0.000010 0.000010 0.000010 0.999940 0.000010 0.000010 0.000010
0.515476 0.000010 0.022461 0.007784 0.104455 0.000010 0.349804
0.485565 0.015151 0.002397 0.000010 0.155777 0.014664 0.326436
0.345484 0.299253 0.000010 0.000010 0.061514 0.043452 0.250276
0.101777 0.027087 0.010950 0.006521 0.100818 0.000010 0.752838
0.000010 0.009274 0.000077 0.964666 0.024922 0.000190 0.000860
0.007354 0.914367 0.015641 0.000010 0.007819 0.044308 0.010500
0.039635 0.768263 0.001533 0.014084 0.061100 0.108407 0.006979
0.684407 0.033842 0.003374 0.000010 0.049706 0.000010 0.228651
0.601640 0.000010 0.000010 0.000663 0.110745 0.008939 0.277993
0.815010 0.027402 0.000010 0.000010 0.051666 0.000010 0.105892
0.000010 0.006773 0.000010 0.972482 0.016743 0.000010 0.003972
0.034856 0.656614 0.023477 0.000010 0.097058 0.090489 0.097496
0.074064 0.739926 0.024713 0.000010 0.110885 0.012717 0.037686
0.151847 0.023875 0.275324 0.132407 0.341148 0.014367 0.061030
0.861052 0.009461 0.004189 0.000010 0.046768 0.000010 0.078510
0.831863 0.025444 0.000010 0.000010 0.039414 0.000010 0.103249
0.869136 0.000010 0.001998 0.004126 0.032868 0.020899 0.070963
0.992486 0.000369 0.005196 0.001920 0.000010 0.000010 0.000010
0.445061 0.397497 0.000260 0.000010 0.090328 0.009013 0.057830
0.098477 0.020254 0.002300 0.008106 0.311881 0.001782 0.557200
0.043960 0.846646 0.013521 0.000010 0.029211 0.046066 0.020587
0.178622 0.001581 0.000010 0.688415 0.064191 0.003683 0.063497
0.680084 0.002413 0.004038 0.000010 0.077676 0.008942 0.226837
0.887885 0.000010 0.005595 0.000010 0.028242 0.017817 0.060441
0.455088 0.004015 0.011198 0.000010 0.237164 0.003785 0.288741
0.369180 0.062209 0.003761 0.016987 0.428169 0.001862 0.117831
0.472925 0.000010 0.002805 0.000526 0.130345 0.010817 0.382571
0.040045 0.749966 0.024713 0.000010 0.093023 0.013496 0.078748
0.000010 0.007575 0.000010 0.987202 0.000010 0.000010 0.005183
0.000010 0.000165 0.000010 0.996355 0.000010 0.003440 0.000010
0.138010 0.705202 0.034907 0.000010 0.070697 0.000010 0.051164
0.000010 0.000010 0.000010 0.998522 0.000011 0.001427 0.000010
0.180456 0.003741 0.009836 0.715482 0.007054 0.000010 0.083422
0.004569 0.715836 0.013220 0.073105 0.093078 0.064829 0.035364
0.604948 0.026875 0.015559 0.000010 0.067718 0.000010 0.284879
0.009191 0.920220 0.000338 0.000010 0.011109 0.048020 0.011113
0.866948 0.016502 0.000010 0.004012 0.000010 0.000010 0.112507
0.071384 0.721864 0.033890 0.000010 0.119971 0.005346 0.047535
0.136715 0.407465 0.012489 0.018640 0.075526 0.303520 0.045646
0.124270 0.048536 0.000010 0.004096 0.315145 0.011795 0.496148
0.287122 0.449963 0.016844 0.005270 0.035094 0.053394 0.152314
0.598048 0.004554 0.022321 0.004748 0.090785 0.022491 0.257054
0.137911 0.378296 0.001501 0.034713 0.136127 0.145054 0.166397
0.821193 0.036245 0.001998 0.004879 0.013880 0.000010 0.121794
0.064821 0.045098 0.000010 0.018646 0.759750 0.018666 0.093009
0.761565 0.022144 0.018105 0.002552 0.051355 0.004051 0.140228
0.017804 0.869236 0.003507 0.010829 0.000010 0.087590 0.011024
0.843227 0.014074 0.000010 0.000010 0.040742 0.018568 0.083369
0.020565 0.881039 0.011253 0.000010 0.031061 0.052454 0.003616
0.417001 0.022778 0.000010 0.233735 0.067628 0.016633 0.242215
0.000010 0.906098 0.000010 0.005768 0.008066 0.080038 0.000010
0.000010 0.000010 0.000010 0.000010 0.000010 0.997865 0.002085
0.047471 0.093886 0.000010 0.012702 0.752416 0.004571 0.088944
0.655097 0.028291 0.007392 0.005318 0.126590 0.000010 0.177302
0.390452 0.000010 0.010094 0.010311 0.186263 0.012535 0.390335
0.000010 0.008315 0.000010 0.000991 0.000010 0.990654 0.000010
0.000010 0.917481 0.000010 0.006749 0.000010 0.075730 0.000010
0.500685 0.008065 0.002288 0.000475 0.173455 0.005646 0.309386
0.754175 0.010931 0.004638 0.007059 0.030270 0.000010 0.192918
0.352372 0.007037 0.000010 0.006673 0.433033 0.019150 0.181724
0.657776 0.011779 0.002150 0.000010 0.137863 0.000010 0.190412
0.077626 0.000010 0.002518 0.847511 0.002553 0.000010 0.069773
0.000010 0.000010 0.000010 0.000336 0.000010 0.999614 0.000010
0.129356 0.006461 0.000010 0.757731 0.013812 0.000010 0.092621
0.029062 0.000010 0.002485 0.950199 0.000010 0.000241 0.017993
0.390588 0.002988 0.008642 0.006447 0.023601 0.026660 0.541073
0.890632 0.022454 0.015982 0.000010 0.037420 0.000010 0.033492
0.000010 0.933601 0.000010 0.000010 0.005567 0.038987 0.021814
0.000010 0.887903 0.007196 0.022126 0.001371 0.081384 0.000010
0.370323 0.017333 0.010632 0.003045 0.143654 0.007809 0.447204
0.147583 0.001273 0.000010 0.778559 0.020043 0.000010 0.052522
0.365413 0.036341 0.007452 0.000010 0.069523 0.000010 0.521251
0.000010 0.000010 0.000010 0.974001 0.002666 0.000010 0.023293
0.793109 0.018933 0.000010 0.000010 0.068451 0.005618 0.113869
0.757731 0.018212 0.006616 0.000010 0.074270 0.007896 0.135264
0.008381 0.000010 0.000010 0.966839 0.006741 0.003644 0.014375
0.041770 0.398313 0.002287 0.000010 0.423635 0.080322 0.053664
0.549780 0.000010 0.004302 0.014871 0.282331 0.000010 0.148696
0.406703 0.035195 0.006088 0.000010 0.110257 0.007001 0.434748
0.802551 0.028646 0.000010 0.001009 0.062942 0.006831 0.098011
0.202646 0.048972 0.000017 0.000010 0.537777 0.006193 0.204385
0.000010 0.927646 0.000010 0.000010 0.032648 0.039666 0.000010
0.807542 0.029755 0.006141 0.002367 0.055988 0.000010 0.098197
0.161760 0.000010 0.000010 0.818377 0.009228 0.000010 0.010605
0.108686 0.066679 0.001667 0.000010 0.494422 0.000010 0.328526
0.003550 0.000010 0.006145 0.988009 0.002266 0.000010 0.000010
0.845184 0.000010 0.011900 0.011392 0.040723 0.000010 0.090781
0.940316 0.005792 0.011572 0.004646 0.000010 0.000010 0.037654
0.963475 0.031408 0.000015 0.001480 0.003601 0.000010 0.000010
0.044763 0.108364 0.014479 0.000010 0.743396 0.000010 0.088978
0.187891 0.494479 0.000010 0.000010 0.028982 0.182599 0.106029
0.005335 0.880882 0.009674 0.009262 0.000010 0.081451 0.013386
0.620616 0.000638 0.000010 0.005459 0.093453 0.007850 0.271975
0.347532 0.035688 0.013242 0.002538 0.044975 0.000010 0.556014
0.000010 0.079904 0.000010 0.029874 0.000010 0.890182 0.000010
0.026036 0.011135 0.018402 0.940634 0.001855 0.000010 0.001928
0.097399 0.780349 0.026893 0.000010 0.028850 0.006361 0.060137
0.130730 0.056996 0.000010 0.000010 0.139075 0.000010 0.673168
0.906000 0.014819 0.003751 0.000010 0.007662 0.000010 0.067748
0.189464 0.036086 0.009510 0.000010 0.105378 0.000010 0.659542
0.000010 0.000010 0.003590 0.000010 0.000010 0.996360 0.000010
0.286703 0.009051 0.000010 0.509214 0.030215 0.000010 0.164798
0.000010 0.000010 0.000010 0.998969 0.000010 0.000981 0.000010
0.587837 0.017406 0.000010 0.017559 0.053221 0.005243 0.318724
0.090739 0.000010 0.001304 0.865879 0.020132 0.006785 0.015151
0.064682 0.000010 0.000188 0.931777 0.000925 0.000010 0.002409
0.030633 0.828598 0.005113 0.000010 0.096463 0.024043 0.015141
0.866752 0.011153 0.000010 0.013804 0.007205 0.005143 0.095935
0.000010 0.015499 0.000010 0.549541 0.406277 0.028652 0.000010
0.453827 0.000010 0.013641 0.000010 0.195551 0.007503 0.329458
0.850723 0.023022 0.002152 0.000010 0.000010 0.000010 0.124073
0.033094 0.245283 0.004959 0.074647 0.595423 0.000010 0.046584
0.089854 0.032734 0.000010 0.008772 0.705243 0.027967 0.135420
0.018646 0.750534 0.014965 0.000010 0.119428 0.042923 0.053493
0.070143 0.029230 0.000010 0.011911 0.735408 0.017902 0.135396
0.040158 0.872176 0.002135 0.000010 0.000010 0.085502 0.000010
0.899676 0.000010 0.003501 0.000010 0.000010 0.014334 0.082458
0.906273 0.004812 0.006275 0.000010 0.023864 0.000010 0.058757
0.523947 0.000010 0.010344 0.004075 0.118649 0.014013 0.328962
0.300805 0.000287 0.003542 0.005606 0.131510 0.028407 0.529843
0.492017 0.000010 0.004766 0.000654 0.111631 0.004829 0.386093
0.893135 0.013263 0.012377 0.000010 0.036734 0.000010 0.044472
0.026179 0.037155 0.002974 0.011232 0.745395 0.013506 0.163558
0.004539 0.000010 0.000010 0.995099 0.000010 0.000322 0.000010
0.021148 0.730304 0.018084 0.000010 0.125577 0.014667 0.090209
0.000010 0.000012 0.000010 0.000010 0.000010 0.999938 0.000010
0.187319 0.044141 0.003946 0.027846 0.511376 0.000010 0.225361
0.019378 0.304972 0.009313 0.000016 0.558033 0.000010 0.108278
0.055301 0.739071 0.022422 0.000010 0.116129 0.006329 0.060739
0.089510 0.804519 0.017957 0.006763 0.000010 0.059032 0.022209
0.882299 0.024939 0.008537 0.005379 0.017679 0.008706 0.052461
0.000010 0.880619 0.000010 0.003441 0.015058 0.073574 0.027288
0.860303 0.000010 0.003140 0.005771 0.011088 0.006584 0.113105
0.000010 0.022032 0.000010 0.947807 0.012729 0.017402 0.000010
0.974248 0.016389 0.000010 0.000010 0.000010 0.000010 0.009323
0.078698 0.787185 0.004846 0.000010 0.088450 0.023154 0.017658
0.484376 0.027379 0.006784 0.000010 0.161982 0.000010 0.319459
0.006805 0.000010 0.000439 0.987322 0.002247 0.000010 0.003167
0.005686 0.000010 0.003315 0.986680 0.000010 0.000010 0.004288
0.263197 0.027866 0.328188 0.035946 0.261074 0.001093 0.082637
0.000010 0.000010 0.000010 0.999940 0.000010 0.000010 0.000010
0.250910 0.052357 0.000749 0.006288 0.103409 0.000394 0.585893
0.799255 0.033037 0.009527 0.000010 0.041352 0.000010 0.116808
0.271478 0.028911 0.228260 0.200644 0.058492 0.005165 0.207049
0.643604 0.004126 0.000010 0.009815 0.089862 0.000868 0.251716
0.009065 0.217623 0.016728 0.722444 0.004056 0.030074 0.000010
0.782059 0.024939 0.000010 0.000010 0.005954 0.008691 0.178336
0.065379 0.000010 0.000010 0.925739 0.008842 0.000010 0.000010
0.013149 0.045504 0.000646 0.000012 0.000010 0.934112 0.006567
0.064349 0.033269 0.016953 0.000010 0.082802 0.022268 0.780350
0.000010 0.928614 0.000011 0.000010 0.005530 0.065815 0.000010
0.007513 0.002878 0.011322 0.966330 0.009790 0.002156 0.000010
0.028667 0.035413 0.005747 0.000642 0.126480 0.015067 0.787984
0.939822 0.011805 0.004919 0.000010 0.012803 0.013956 0.016685
0.334639 0.049193 0.000010 0.003295 0.092013 0.000010 0.520840
0.513692 0.019026 0.006133 0.000010 0.102608 0.004855 0.353678
0.000010 0.090523 0.000164 0.007209 0.000010 0.897935 0.004149
0.032691 0.038859 0.043977 0.000010 0.000010 0.060667 0.823787
0.331309 0.002117 0.010911 0.000010 0.053642 0.021028 0.580984
0.625712 0.011442 0.010867 0.001919 0.098615 0.000010 0.251434
0.000010 0.039941 0.010432 0.000010 0.027056 0.019194 0.903356
0.833589 0.010652 0.003812 0.000010 0.000010 0.002570 0.149358
0.082113 0.741107 0.021935 0.000010 0.060994 0.036625 0.057216
0.288717 0.013002 0.002834 0.003388 0.463569 0.000010 0.228480
0.118638 0.000010 0.005632 0.742596 0.041425 0.000010 0.091688
0.819048 0.005766 0.000010 0.000010 0.036251 0.006103 0.132811
0.049462 0.039442 0.017860 0.000010 0.082328 0.000830 0.810068
0.421971 0.000010 0.030605 0.026127 0.369073 0.000010 0.152205
0.793907 0.000955 0.010448 0.003261 0.015520 0.002530 0.173379
0.011643 0.861943 0.006391 0.023626 0.037955 0.058432 0.000010
0.816993 0.029375 0.013394 0.000010 0.020464 0.000010 0.119754
0.205199 0.029830 0.002634 0.011240 0.288174 0.011310 0.451613
0.042564 0.748254 0.013597 0.007388 0.091475 0.020522 0.076201
0.000010 0.000010 0.000010 0.001018 0.000010 0.998932 0.000010
0.071274 0.000010 0.011384 0.815748 0.024539 0.000010 0.077035
0.974867 0.012726 0.007939 0.000010 0.004437 0.000010 0.000010
0.926220 0.000010 0.014916 0.008039 0.050795 0.000010 0.000010
0.873611 0.035213 0.000010 0.000010 0.047391 0.000010 0.043754
0.084141 0.004412 0.000010 0.865873 0.012726 0.000010 0.032829
0.413322 0.020781 0.005401 0.005502 0.173039 0.008210 0.373745
0.101755 0.000010 0.000010 0.244312 0.631685 0.011336 0.010893
0.017569 0.030053 0.001524 0.001759 0.000010 0.949076 0.000010
0.419870 0.007920 0.013400 0.011163 0.039050 0.005352 0.503246
0.060101 0.717708 0.033431 0.000010 0.063177 0.016341 0.109232
0.192801 0.028025 0.017731 0.005736 0.527857 0.003795 0.224055
0.510087 0.000993 0.008993 0.002007 0.130231 0.003391 0.344299
0.893458 0.024259 0.008906 0.000010 0.000010 0.001848 0.071508
0.926703 0.000010 0.012050 0.000295 0.041176 0.000673 0.019094
0.380864 0.031319 0.010861 0.000010 0.026368 0.000010 0.550567
0.535051 0.000010 0.020069 0.000010 0.112030 0.000346 0.332484
0.453159 0.000010 0.023973 0.005723 0.106960 0.013514 0.396662
0.886124 0.014109 0.000010 0.000010 0.017928 0.006400 0.075419
0.092321 0.698375 0.016995 0.000010 0.076320 0.000010 0.115970
0.037791 0.878596 0.000236 0.009747 0.000010 0.073610 0.000010
0.000854 0.046800 0.009404 0.000010 0.093518 0.012559 0.836855
0.839084 0.002674 0.000010 0.002939 0.045301 0.016575 0.093417
0.305780 0.027238 0.000010 0.006220 0.302314 0.013589 0.344849
0.383943 0.000010 0.000010 0.004090 0.260972 0.012409 0.338566
0.478102 0.000010 0.006615 0.016874 0.375579 0.000010 0.122811
0.525424 0.000010 0.000904 0.002210 0.058600 0.019100 0.393752
0.073416 0.016306 0.022551 0.866794 0.000010 0.008078 0.012845
0.889708 0.007700 0.018488 0.000010 0.026144 0.006015 0.051935
0.000010 0.000010 0.000010 0.994685 0.004058 0.001217 0.000010
0.819500 0.000010 0.000010 0.000010 0.121552 0.013122 0.045795
0.148935 0.000010 0.009681 0.192164 0.641651 0.007549 0.000010
0.197628 0.026183 0.011321 0.016577 0.515988 0.000010 0.232294
0.508102 0.000010 0.001413 0.011181 0.257672 0.010458 0.211164
0.069659 0.055413 0.002376 0.007255 0.747027 0.022423 0.095847
0.712097 0.000010 0.013890 0.000010 0.067333 0.000010 0.206650
0.000010 0.193049 0.000010 0.436233 0.335098 0.035591 0.000010
0.000010 0.000010 0.000010 0.494502 0.001048 0.504410 0.000010
0.000010 0.000010 0.001293 0.991335 0.006684 0.000010 0.000658
0.031358 0.851809 0.019541 0.010280 0.009477 0.074501 0.003035
0.859369 0.008191 0.008104 0.000239 0.027369 0.000010 0.096718
0.000010 0.864469 0.000010 0.012467 0.006432 0.116602 0.000010
0.308849 0.010306 0.000010 0.008465 0.451241 0.020041 0.201089
0.868849 0.011970 0.005355 0.000010 0.025854 0.000010 0.087953
0.956314 0.023447 0.009395 0.005298 0.000010 0.000010 0.005525
0.607403 0.022383 0.013638 0.000010 0.047788 0.000010 0.308767
0.076030 0.000010 0.013382 0.825917 0.012897 0.014772 0.056991
0.000010 0.000010 0.001108 0.998842 0.000010 0.000010 0.000010
0.098890 0.000010 0.015470 0.000010 0.220148 0.014061 0.651412
0.630026 0.000010 0.013980 0.000010 0.035921 0.004390 0.315663
0.784931 0.002511 0.007846 0.001327 0.069724 0.004389 0.129272
0.815190 0.005675 0.004029 0.000010 0.032115 0.000010 0.142971
0.927569 0.017543 0.000010 0.000010 0.054848 0.000010 0.000010
0.777529 0.015128 0.005200 0.000010 0.072355 0.008286 0.121493
0.212471 0.000010 0.503114 0.059384 0.183318 0.015528 0.026175
0.034367 0.770639 0.000010 0.001759 0.010255 0.182960 0.000010
0.853700 0.030647 0.006524 0.002511 0.037094 0.000010 0.069515
0.000010 0.885353 0.000010 0.000010 0.000010 0.114597 0.000010
0.103018 0.140985 0.017957 0.016035 0.494034 0.019403 0.208567
0.676715 0.000010 0.019775 0.000010 0.162260 0.000010 0.141220
0.006811 0.007274 0.000010 0.985320 0.000565 0.000010 0.000010
0.470260 0.026090 0.000292 0.003573 0.076355 0.000010 0.423420
0.000010 0.831707 0.000010 0.023420 0.017400 0.117471 0.009981
0.037743 0.000010 0.000010 0.913196 0.012298 0.003068 0.033675
0.070479 0.746062 0.039807 0.000010 0.077685 0.000010 0.065947
0.383787 0.042823 0.000010 0.000591 0.191744 0.032285 0.348761
0.036810 0.000010 0.005181 0.914802 0.006091 0.000010 0.037096
0.036378 0.036479 0.023842 0.000292 0.100288 0.000010 0.802710
0.039938 0.037676 0.000010 0.008510 0.680516 0.030898 0.202453
0.526375 0.001727 0.004474 0.026480 0.278672 0.021427 0.140847
0.000010 0.000010 0.000010 0.000010 0.000010 0.999940 0.000010
0.706822 0.034210 0.000010 0.000010 0.052482 0.011565 0.194901
0.350238 0.014610 0.020168 0.000010 0.438319 0.016422 0.160234
0.000010 0.000010 0.000010 0.997813 0.002137 0.000010 0.000010
0.545903 0.019822 0.001409 0.000010 0.109021 0.006090 0.317746
0.670735 0.008790 0.003934 0.000010 0.066362 0.000010 0.250158
0.000010 0.000010 0.000010 0.997848 0.000010 0.002102 0.000010
0.522153 0.004338 0.011831 0.000010 0.198958 0.001552 0.261158
0.440438 0.075627 0.000010 0.144950 0.006756 0.206511 0.125708
0.625965 0.000010 0.002192 0.007679 0.061576 0.000010 0.302569
0.859955 0.027282 0.017230 0.007108 0.021171 0.005831 0.061424
0.092580 0.001153 0.001456 0.870760 0.002707 0.000010 0.031334
0.910760 0.000010 0.012251 0.000010 0.000010 0.014250 0.062709
0.000010 0.000010 0.004568 0.000010 0.000010 0.995382 0.000010
0.297087 0.036607 0.003309 0.000010 0.108825 0.021125 0.533038
0.000010 0.000010 0.002977 0.990908 0.004336 0.000010 0.001749
0.041457 0.721361 0.028281 0.006371 0.096434 0.000243 0.105853
0.772076 0.002219 0.011567 0.003049 0.076109 0.000010 0.134971
0.853387 0.011113 0.015882 0.011106 0.024310 0.000010 0.084192
0.398592 0.017911 0.008549 0.012922 0.322224 0.002828 0.236973
0.799066 0.029379 0.000010 0.000010 0.045405 0.008384 0.117746
0.226373 0.012199 0.012720 0.000010 0.376217 0.002331 0.370149
0.642793 0.004717 0.003059 0.000010 0.086160 0.000010 0.263252
0.905960 0.000010 0.004920 0.000010 0.032448 0.000010 0.056642
0.603742 0.012502 0.001305 0.007679 0.070521 0.001080 0.303171
0.041892 0.674825 0.007812 0.000010 0.227799 0.032214 0.015448
0.974704 0.000010 0.000010 0.004275 0.012009 0.008983 0.000010
0.050056 0.290716 0.063809 0.000010 0.143596 0.390978 0.060834
0.345686 0.038660 0.024944 0.000010 0.083773 0.010800 0.496128
0.000010 0.896348 0.005004 0.000010 0.001177 0.082332 0.015119
0.522686 0.000417 0.000010 0.000010 0.239347 0.007545 0.229986
0.949880 0.003839 0.019683 0.002399 0.021818 0.002370 0.000010
0.921372 0.014216 0.012253 0.009245 0.023911 0.004036 0.014966
0.000010 0.008558 0.002358 0.458258 0.510926 0.019879 0.000010
0.050637 0.000010 0.000010 0.920259 0.004723 0.000010 0.024351
0.880724 0.038738 0.005404 0.000010 0.020073 0.008132 0.046919
0.617417 0.003882 0.014493 0.000010 0.061540 0.009981 0.292678
0.879960 0.000010 0.004572 0.000010 0.006289 0.001275 0.107885
0.581983 0.023608 0.004221 0.193784 0.033615 0.000010 0.162780
0.039962 0.761221 0.022982 0.010610 0.105848 0.009567 0.049811
0.086500 0.002118 0.010182 0.863152 0.018396 0.001633 0.018019
0.000010 0.000010 0.000010 0.999940 0.000010 0.000010 0.000010
0.583729 0.000010 0.000010 0.007907 0.091470 0.017151 0.299722
0.106517 0.053955 0.011293 0.000010 0.545275 0.000010 0.282940
0.552280 0.000010 0.000391 0.008954 0.137104 0.005004 0.296256
0.075799 0.037209 0.019338 0.010481 0.148126 0.000636 0.708410
0.026073 0.000010 0.006359 0.960205 0.000010 0.000596 0.006748
0.504338 0.030301 0.001071 0.000010 0.137139 0.001826 0.325315
0.238931 0.173596 0.000010 0.095728 0.137408 0.224789 0.129538
0.570500 0.022049 0.003763 0.000010 0.088255 0.001002 0.314421
0.000010 0.000010 0.000010 0.991134 0.000010 0.000010 0.008816
0.034575 0.788200 0.017884 0.000010 0.068271 0.015769 0.075291
0.355997 0.018567 0.004283 0.242877 0.223766 0.000010 0.154501
0.000010 0.000010 0.000010 0.997856 0.000010 0.002094 0.000010
0.419424 0.007662 0.000010 0.000010 0.152891 0.000183 0.419820
0.626094 0.008089 0.011062 0.004363 0.091602 0.000910 0.257879
0.006707 0.006408 0.001776 0.970885 0.004608 0.000010 0.009607
0.005144 0.858132 0.000010 0.000010 0.001818 0.134876 0.000010
0.816299 0.042994 0.001002 0.000010 0.046368 0.000010 0.093317
0.019917 0.723109 0.034268 0.004475 0.092822 0.005384 0.120026
0.651165 0.008601 0.014617 0.005029 0.128857 0.004497 0.187233
0.001016 0.002304 0.002901 0.993749 0.000010 0.000010 0.000010
0.032202 0.173226 0.031255 0.000010 0.573723 0.087536 0.102048
0.088221 0.004704 0.003641 0.872073 0.008056 0.000010 0.023295
0.034867 0.742713 0.017428 0.005218 0.013017 0.182171 0.004586
0.834318 0.010927 0.003518 0.000010 0.000010 0.005134 0.146083
0.000010 0.000010 0.001298 0.000632 0.004112 0.993928 0.000010
0.130773 0.673356 0.034517 0.000010 0.101506 0.000688 0.059149
0.707656 0.000010 0.014776 0.000010 0.081217 0.005250 0.191081
0.167478 0.006118 0.533802 0.067151 0.205518 0.018680 0.001252
0.012678 0.937086 0.000010 0.004613 0.003088 0.042515 0.000010
0.017749 0.855361 0.000010 0.005055 0.000010 0.114037 0.007779
0.049136 0.000010 0.002603 0.931588 0.008400 0.001573 0.006691
0.666821 0.005079 0.018093 0.000010 0.082513 0.000010 0.227473
0.400047 0.422949 0.030118 0.000010 0.037314 0.007741 0.101822
0.216579 0.000010 0.005448 0.000010 0.144004 0.019048 0.614901
0.082370 0.028167 0.000188 0.000010 0.080066 0.018815 0.790385
0.860581 0.035463 0.012770 0.000010 0.017049 0.000010 0.074117
0.690649 0.000010 0.011067 0.000010 0.106689 0.000010 0.191564
0.871696 0.015289 0.005016 0.000010 0.058252 0.000010 0.049727
0.642688 0.000010 0.000010 0.005709 0.064244 0.010956 0.276382
0.057639 0.788863 0.023455 0.005178 0.006578 0.045588 0.072699
0.495737 0.000010 0.000010 0.036865 0.325883 0.000010 0.141485
0.041188 0.772510 0.028761 0.003608 0.119532 0.004599 0.029802
0.660673 0.029109 0.016110 0.000010 0.072149 0.001785 0.220165
0.700133 0.014026 0.001240 0.000013 0.085737 0.000010 0.198842
0.723503 0.030574 0.012605 0.000010 0.082964 0.001320 0.149024
0.249244 0.039323 0.013151 0.000010 0.526879 0.000010 0.171383
0.707532 0.016794 0.009969 0.005186 0.029744 0.004043 0.226732
0.201428 0.068536 0.000926 0.009778 0.624519 0.000010 0.094803
0.837874 0.024063 0.012779 0.000010 0.055931 0.000010 0.069334
0.402994 0.026956 0.000010 0.000010 0.145147 0.020816 0.404068
0.059793 0.529048 0.040893 0.000296 0.223926 0.000010 0.146034
0.871330 0.002402 0.015258 0.000010 0.032072 0.000010 0.078919
0.897580 0.036735 0.000010 0.000010 0.019254 0.002315 0.044095
0.882053 0.022840 0.001680 0.010832 0.000010 0.002773 0.079813
0.853212 0.000010 0.017883 0.000010 0.000010 0.000010 0.128865
0.332967 0.083725 0.000010 0.192793 0.069788 0.008263 0.312455
0.648119 0.000010 0.000010 0.011395 0.117935 0.010409 0.212122
0.819848 0.001480 0.011429 0.000010 0.063773 0.003709 0.099751
0.231191 0.013199 0.007946 0.000010 0.235490 0.005421 0.506743
0.313654 0.014804 0.014727 0.000010 0.182846 0.001873 0.472085
0.879159 0.036870 0.007870 0.002414 0.000010 0.000010 0.073667
0.148029 0.725809 0.003274 0.000010 0.000010 0.079813 0.043055
0.651178 0.000010 0.000010 0.011950 0.038079 0.013052 0.285721
0.629615 0.001520 0.018737 0.004975 0.050183 0.000010 0.294960
0.531769 0.000010 0.000010 0.000010 0.075401 0.006557 0.386242
0.055623 0.748962 0.022922 0.000126 0.132451 0.003837 0.036078
0.887519 0.000010 0.009576 0.010582 0.059746 0.000010 0.032555
0.842902 0.015381 0.005257 0.000010 0.045878 0.000010 0.090562
0.000010 0.000010 0.000010 0.999940 0.000010 0.000010 0.000010
0.868145 0.034129 0.003058 0.000010 0.026773 0.000010 0.067874
0.381504 0.258800 0.000010 0.000568 0.094260 0.045600 0.219257
0.130860 0.726969 0.036728 0.000010 0.060939 0.005827 0.038667
0.025540 0.727095 0.029619 0.000010 0.108443 0.000010 0.109284
0.009522 0.000010 0.002018 0.951061 0.010955 0.000010 0.026425
0.022270 0.760349 0.035145 0.002408 0.090176 0.006646 0.083005
0.428174 0.000010 0.000010 0.037321 0.357676 0.014733 0.162075
0.189229 0.014081 0.000010 0.284303 0.479089 0.013346 0.019942
0.886909 0.003672 0.002138 0.000010 0.026891 0.013648 0.066732
0.262729 0.312083 0.002200 0.000010 0.199086 0.091553 0.132339
0.057375 0.000010 0.000010 0.902153 0.023953 0.003587 0.012913
0.344324 0.021224 0.004502 0.501264 0.005471 0.003050 0.120166
0.521310 0.023810 0.010815 0.006239 0.138894 0.000010 0.298921
0.009464 0.943419 0.000010 0.000010 0.000010 0.043800 0.003288
0.093667 0.654605 0.022770 0.000630 0.128203 0.036224 0.063902
0.000010 0.000010 0.000010 0.000010 0.000977 0.998973 0.000010
0.000010 0.928337 0.000010 0.000010 0.000010 0.071613 0.000010
0.614100 0.016837 0.014405 0.000010 0.076616 0.015864 0.262167
0.640561 0.000010 0.013189 0.012799 0.071876 0.000010 0.261555
0.748432 0.015445 0.000010 0.002225 0.088993 0.000010 0.144885
0.891777 0.007223 0.012437 0.000010 0.058147 0.000010 0.030395
0.939197 0.000010 0.005682 0.002992 0.000010 0.003513 0.048596
0.332777 0.015520 0.006883 0.000010 0.456175 0.013152 0.175483
0.333203 0.000010 0.066928 0.055400 0.231118 0.016563 0.296777
0.576785 0.000010 0.004031 0.011163 0.089283 0.008111 0.310617
0.786329 0.000010 0.000010 0.001809 0.084843 0.004756 0.122243
0.847879 0.009782 0.015779 0.000381 0.023710 0.000010 0.102459
0.000010 0.831355 0.002204 0.000010 0.000010 0.139145 0.027267
0.038219 0.024597 0.000010 0.001696 0.726310 0.026346 0.182822
0.537402 0.000073 0.000010 0.000168 0.093171 0.012577 0.356599
0.268686 0.000010 0.362551 0.027061 0.253622 0.006059 0.082010
0.014552 0.298598 0.019948 0.000010 0.559882 0.013026 0.093984
0.061520 0.011159 0.000010 0.000010 0.701067 0.031984 0.194250
0.033478 0.020229 0.000010 0.004868 0.769783 0.017973 0.153659
0.701076 0.005761 0.015811 0.002763 0.067191 0.000010 0.207389
0.891755 0.015281 0.009365 0.000010 0.010028 0.000010 0.073550
0.751167 0.000010 0.002294 0.000010 0.063140 0.003336 0.180043
0.921605 0.024195 0.002035 0.000010 0.015095 0.013933 0.023126
0.749055 0.029618 0.001549 0.005859 0.053107 0.000010 0.160801
0.000010 0.000010 0.000010 0.998652 0.000010 0.001298 0.000010
0.903704 0.034323 0.011884 0.000010 0.023153 0.000010 0.026916
0.000010 0.912409 0.000010 0.000010 0.000010 0.087541 0.000010
0.000010 0.000010 0.002555 0.000010 0.000010 0.997395 0.000010
0.682049 0.014323 0.008899 0.000010 0.046147 0.003582 0.244989
0.110685 0.019232 0.000010 0.000010 0.291916 0.015539 0.562608
0.477730 0.000010 0.000010 0.013064 0.059232 0.007297 0.442657
0.000010 0.492773 0.052403 0.000010 0.170903 0.147482 0.136418
0.531331 0.000010 0.000010 0.000010 0.041906 0.020475 0.406258
0.037166 0.002313 0.025529 0.026196 0.747069 0.007029 0.154698
0.000010 0.000010 0.002668 0.996160 0.001132 0.000010 0.000010
0.365019 0.023015 0.009404 0.000010 0.267427 0.000010 0.335114
0.000010 0.000010 0.000010 0.999940 0.000010 0.000010 0.000010
0.495190 0.000010 0.007445 0.456398 0.011023 0.000010 0.029923
0.338795 0.000123 0.000807 0.003820 0.062948 0.492487 0.101020
0.584856 0.000010 0.000010 0.008541 0.087432 0.018718 0.300432
0.081643 0.756258 0.027528 0.006240 0.070792 0.030899 0.026640
0.181839 0.020629 0.006582 0.000010 0.609616 0.001792 0.179533
0.000010 0.874383 0.006627 0.001376 0.016672 0.100921 0.000010
0.000010 0.860264 0.011292 0.003738 0.000010 0.088675 0.036012
0.268626 0.032398 0.006984 0.014456 0.531286 0.000010 0.146239
0.000010 0.000010 0.000010 0.000010 0.000010 0.999940 0.000010
0.301760 0.000010 0.015604 0.463800 0.078671 0.010923 0.129232
0.011536 0.028009 0.000011 0.009484 0.000793 0.950158 0.000010
0.902382 0.014512 0.003468 0.010949 0.003588 0.010569 0.054533
0.925200 0.008282 0.011557 0.000010 0.009753 0.008972 0.036227
0.107931 0.698849 0.022104 0.000010 0.095255 0.040768 0.035083
0.021305 0.315894 0.022711 0.000010 0.532433 0.004492 0.103155
0.722580 0.000010 0.000010 0.000010 0.014119 0.016382 0.246890
0.037958 0.009501 0.010158 0.927403 0.014959 0.000010 0.000010
0.006143 0.895605 0.000010 0.000010 0.029515 0.057996 0.010721
0.265102 0.304710 0.014011 0.158948 0.096084 0.044007 0.117137
0.943812 0.017212 0.016907 0.000010 0.000010 0.000512 0.021537
0.044459 0.834637 0.014790 0.000010 0.027098 0.052155 0.026850
0.885563 0.017864 0.013439 0.002593 0.000010 0.000010 0.080521
0.031090 0.012427 0.013139 0.007861 0.770850 0.022139 0.142494
0.248881 0.011903 0.000010 0.007953 0.109417 0.022252 0.599583
0.000010 0.000010 0.000010 0.997122 0.000010 0.002828 0.000010
0.550113 0.018568 0.010456 0.000010 0.068878 0.006208 0.345768
0.489449 0.038645 0.000010 0.003491 0.089239 0.000010 0.379156
0.848512 0.021914 0.011666 0.000010 0.000010 0.000010 0.117878
0.060953 0.832691 0.025115 0.004303 0.025672 0.051256 0.000010
0.332682 0.005918 0.000010 0.001142 0.430359 0.019025 0.210865
0.908119 0.020222 0.004772 0.000027 0.039357 0.000010 0.027492
0.847055 0.015898 0.005136 0.005739 0.049159 0.000010 0.077004
0.519916 0.000010 0.000010 0.000010 0.112408 0.000010 0.367636
0.111335 0.050295 0.012387 0.004899 0.047934 0.000010 0.773139
0.000010 0.764336 0.009860 0.002824 0.074826 0.041191 0.106954
0.104661 0.028157 0.016652 0.008993 0.734840 0.006678 0.100019
0.317732 0.041198 0.004716 0.018523 0.367982 0.000010 0.249838
0.584811 0.019696 0.000495 0.000010 0.080530 0.004868 0.309591
0.000010 0.154655 0.000010 0.005857 0.003492 0.835966 0.000010
0.765115 0.008690 0.006291 0.008251 0.065540 0.000010 0.146102
0.097964 0.000010 0.000010 0.179597 0.616196 0.019747 0.086476
0.052801 0.743750 0.028503 0.002442 0.095905 0.000738 0.075861
0.015481 0.780973 0.005959 0.000010 0.113475 0.031742 0.052360
0.608889 0.008332 0.000010 0.004841 0.078068 0.014995 0.284865
0.603522 0.005564 0.000010 0.000010 0.074301 0.000010 0.316583
0.018309 0.044417 0.006205 0.000010 0.137991 0.010321 0.782748
0.000010 0.000010 0.034323 0.965627 0.000010 0.000010 0.000010
0.001036 0.022899 0.025535 0.005609 0.117741 0.012365 0.814816
0.098055 0.702239 0.025718 0.002369 0.103683 0.010689 0.057247
0.420104 0.000010 0.003114 0.007677 0.299722 0.012150 0.257222
0.625467 0.001968 0.021761 0.019665 0.061743 0.010100 0.259297
0.269440 0.000404 0.003217 0.388674 0.086579 0.022746 0.228939
0.000010 0.827911 0.019781 0.009818 0.005923 0.117791 0.018766
0.794844 0.029949 0.005859 0.000010 0.038283 0.000010 0.131046
0.011486 0.001183 0.015214 0.963703 0.000010 0.000010 0.008395
0.578121 0.044674 0.013704 0.000010 0.068835 0.000010 0.294646
0.497516 0.000010 0.000010 0.000010 0.174362 0.010689 0.317403
0.038764 0.727762 0.015391 0.000010 0.083413 0.019547 0.115113
0.723964 0.005320 0.017317 0.000010 0.073376 0.000010 0.180003
0.157238 0.006043 0.531046 0.062472 0.198851 0.021862 0.022488
0.240228 0.400362 0.005023 0.013732 0.234854 0.003568 0.102233
0.818515 0.025989 0.000010 0.000010 0.057804 0.001863 0.095809
0.877034 0.010761 0.012705 0.002076 0.022487 0.006583 0.068354
0.324259 0.011123 0.000010 0.012420 0.196341 0.009158 0.446690
0.163244 0.000010 0.000010 0.200020 0.614690 0.022016 0.000010
0.851772 0.010778 0.005625 0.000010 0.042871 0.000010 0.088935
0.122666 0.685266 0.033691 0.000010 0.080271 0.000010 0.078086
0.119441 0.723860 0.018507 0.000010 0.048494 0.008168 0.081519
0.068243 0.003413 0.005193 0.905447 0.005672 0.002242 0.009790
0.000010 0.000010 0.016016 0.000010 0.000010 0.983934 0.000010
0.123553 0.000010 0.015551 0.822265 0.023643 0.000010 0.014968
0.498331 0.000010 0.003625 0.041012 0.340601 0.000010 0.116412
0.006749 0.765258 0.023792 0.000010 0.112665 0.019697 0.071830
0.492650 0.013647 0.007447 0.014326 0.172251 0.000010 0.299669
0.059345 0.007698 0.000010 0.908719 0.000010 0.000010 0.024208
0.352191 0.013561 0.001453 0.013818 0.085328 0.016759 0.516888
0.035709 0.033812 0.045682 0.005774 0.000010 0.053067 0.825946
0.033869 0.348390 0.061500 0.003364 0.084744 0.362236 0.105898
0.497510 0.015225 0.000010 0.000010 0.052673 0.010199 0.424373
0.004752 0.000010 0.000010 0.992972 0.000010 0.000010 0.002235
0.177767 0.012085 0.552965 0.014625 0.208656 0.012680 0.021222
0.403579 0.053018 0.018930 0.024609 0.112216 0.013421 0.374227
