0.013562 0.915868 0.070540 0.000010 0.000010 0.000010
0.116787 0.000010 0.111947 0.032395 0.000010 0.738851
0.000010 0.000010 0.940633 0.002092 0.000010 0.057245
0.050317 0.000010 0.169597 0.017852 0.003879 0.758344
0.000010 0.999950 0.000010 0.000010 0.000010 0.000010
0.000010 0.004209 0.988570 0.000010 0.007192 0.000010
0.008798 0.978111 0.013061 0.000010 0.000010 0.000010
0.054322 0.002431 0.431606 0.000378 0.511254 0.000010
0.041850 0.000010 0.934828 0.000408 0.003853 0.019051
0.105032 0.000010 0.854184 0.008264 0.008953 0.023557
0.016590 0.000020 0.002439 0.000010 0.048919 0.932022
0.685698 0.031676 0.235392 0.006867 0.004301 0.036066
0.038334 0.001320 0.923651 0.006286 0.000010 0.030399
0.000301 0.014288 0.945898 0.005981 0.008490 0.025041
0.760629 0.009725 0.160537 0.011760 0.028093 0.029256
0.017679 0.002560 0.000010 0.000010 0.103599 0.876142
0.191493 0.000010 0.754329 0.007874 0.021262 0.025032
0.073708 0.000010 0.904694 0.000010 0.014121 0.007457
0.004425 0.975136 0.010237 0.000010 0.004964 0.005228
0.000010 0.000010 0.000010 0.000010 0.999950 0.000010
0.051235 0.000010 0.931017 0.010751 0.003309 0.003678
0.141557 0.000010 0.044344 0.004436 0.036775 0.772877
0.099879 0.002692 0.875269 0.000010 0.003955 0.018195
0.000010 0.000010 0.970296 0.017572 0.011205 0.000907
0.081508 0.000010 0.875266 0.000010 0.008714 0.034492
0.006037 0.000010 0.029359 0.014471 0.077122 0.873000
0.144908 0.022894 0.768402 0.012507 0.028653 0.022636
0.003241 0.959484 0.029783 0.000010 0.000010 0.007472
0.089071 0.000281 0.891016 0.012168 0.000010 0.007456
0.035197 0.003191 0.946639 0.007978 0.000010 0.006986
0.094551 0.000983 0.121398 0.028100 0.029343 0.725625
0.005008 0.959991 0.000010 0.000010 0.006815 0.028165
0.091211 0.000010 0.881453 0.008369 0.000010 0.018947
0.731285 0.031731 0.076482 0.001413 0.000400 0.158689
0.532935 0.009071 0.404581 0.010993 0.009241 0.033181
0.035665 0.000010 0.074056 0.006437 0.048986 0.834845
0.004459 0.993192 0.002319 0.000010 0.000010 0.000010
0.000010 0.000010 0.000010 0.000010 0.999950 0.000010
0.181576 0.007089 0.167539 0.002365 0.000010 0.641422
0.164316 0.002584 0.804842 0.000010 0.010615 0.017632
0.000010 0.999949 0.000010 0.000011 0.000010 0.000010
0.000010 0.631859 0.058100 0.053496 0.050141 0.206395
0.562902 0.014120 0.384569 0.000010 0.000010 0.038389
0.004148 0.947585 0.038663 0.006880 0.000010 0.002713
0.062856 0.000010 0.169426 0.033902 0.018890 0.714916
0.041902 0.693793 0.252421 0.002705 0.009169 0.000010
0.743630 0.015281 0.199943 0.010433 0.019954 0.010759
0.819612 0.004924 0.075553 0.000010 0.009858 0.090043
0.460238 0.001582 0.483553 0.011888 0.007952 0.034787
0.064294 0.000010 0.135822 0.025677 0.014990 0.759207
0.031303 0.000010 0.920501 0.005966 0.000010 0.042210
0.001906 0.007800 0.010557 0.006032 0.088172 0.885533
0.084063 0.000010 0.855219 0.002517 0.018426 0.039766
0.065766 0.005064 0.876095 0.005219 0.000010 0.047847
0.060267 0.505465 0.428029 0.000010 0.000010 0.006220
0.078057 0.000010 0.226058 0.019202 0.001676 0.674997
0.000010 0.000010 0.000010 0.017153 0.982807 0.000010
0.015293 0.007965 0.976711 0.000010 0.000010 0.000010
0.000010 0.000010 0.000010 0.000010 0.999950 0.000010
0.407458 0.006369 0.555984 0.006068 0.010292 0.013829
0.759502 0.013434 0.158822 0.006283 0.017955 0.044005
0.163233 0.009260 0.070716 0.023342 0.009531 0.723918
0.119826 0.009085 0.854083 0.016986 0.000010 0.000010
0.037480 0.000010 0.932005 0.002266 0.009705 0.018534
0.317928 0.115481 0.538956 0.018845 0.008780 0.000010
0.016513 0.000979 0.974581 0.002951 0.000245 0.004731
0.027365 0.000010 0.931869 0.021807 0.000010 0.018938
0.141796 0.000010 0.823543 0.005091 0.000164 0.029396
0.038930 0.951467 0.000010 0.000010 0.002104 0.007480
0.068409 0.000010 0.883931 0.016632 0.000010 0.031008
0.000010 0.000223 0.000010 0.000010 0.999737 0.000010
0.029118 0.704039 0.254821 0.002763 0.009249 0.000010
0.070569 0.000010 0.895441 0.005105 0.000010 0.028865
0.046546 0.004712 0.930526 0.008882 0.000010 0.009323
0.330033 0.036471 0.071515 0.012672 0.000010 0.549299
0.059647 0.000010 0.893355 0.000010 0.010638 0.036340
0.000010 0.000010 0.968603 0.010601 0.003581 0.017195
0.000010 0.732467 0.241512 0.003739 0.000010 0.022262
0.000010 0.951207 0.035822 0.011294 0.001657 0.000010
0.117809 0.000010 0.844029 0.019213 0.000010 0.018929
0.051379 0.002733 0.889383 0.005881 0.000036 0.050589
0.730374 0.024197 0.183629 0.009466 0.009839 0.042494
0.482926 0.075770 0.354292 0.004223 0.018390 0.064398
0.048924 0.000010 0.929891 0.000010 0.010359 0.010807
0.066144 0.000010 0.933816 0.000010 0.000010 0.000010
0.000010 0.000010 0.957702 0.005448 0.000010 0.036820
0.094168 0.005897 0.064854 0.014858 0.009001 0.811221
0.041283 0.566367 0.298672 0.000010 0.043889 0.049780
0.050703 0.003977 0.318458 0.028052 0.267448 0.331362
0.126221 0.005717 0.000010 0.014941 0.051814 0.801297
0.046972 0.000010 0.913312 0.000010 0.002965 0.036731
0.012642 0.000010 0.918348 0.033792 0.008700 0.026508
0.000010 0.008982 0.961797 0.021718 0.000010 0.007484
0.022335 0.926794 0.045645 0.000814 0.000010 0.004403
0.128419 0.000010 0.845863 0.016833 0.006444 0.002431
0.047268 0.821328 0.130427 0.000010 0.000010 0.000957
0.013739 0.001018 0.032510 0.015143 0.113526 0.824063
0.051022 0.008418 0.910187 0.000010 0.003288 0.027075
0.030286 0.004511 0.937364 0.007993 0.000010 0.019836
0.747091 0.000010 0.186761 0.000010 0.013801 0.052328
0.151052 0.000010 0.809957 0.012959 0.005355 0.020667
0.072751 0.005004 0.897450 0.001939 0.000010 0.022846
0.138919 0.005942 0.844092 0.011026 0.000010 0.000010
0.715369 0.020713 0.192259 0.000010 0.000010 0.071640
0.101114 0.001368 0.854526 0.014798 0.000010 0.028184
0.053849 0.015518 0.920224 0.000185 0.007639 0.002585
0.304719 0.046105 0.619773 0.000010 0.000010 0.029383
0.125127 0.000010 0.840683 0.014835 0.006863 0.012481
0.036592 0.019807 0.375563 0.011935 0.068697 0.487407
0.636311 0.011674 0.349679 0.000010 0.002316 0.000010
0.567302 0.000010 0.105880 0.006403 0.000010 0.320395
0.003655 0.977298 0.019017 0.000010 0.000010 0.000010
0.055623 0.000010 0.909207 0.000010 0.016093 0.019057
0.053998 0.004464 0.931740 0.002172 0.007615 0.000010
0.135956 0.000010 0.821474 0.006497 0.003140 0.032923
0.024691 0.879879 0.091563 0.003847 0.000010 0.000010
0.590323 0.027669 0.350071 0.000010 0.000010 0.031916
0.114945 0.000010 0.088019 0.018318 0.070244 0.708465
0.001512 0.005232 0.934879 0.024105 0.025568 0.008704
0.033298 0.849920 0.108028 0.008734 0.000010 0.000010
0.088909 0.002759 0.875406 0.012442 0.005013 0.015471
0.095339 0.208758 0.673880 0.021997 0.000017 0.000010
0.150675 0.005388 0.815912 0.017816 0.010199 0.000010
0.021841 0.882919 0.089483 0.003075 0.000010 0.002672
0.000010 0.000010 0.000010 0.000010 0.999950 0.000010
0.670935 0.000010 0.241429 0.000010 0.024357 0.063260
0.118308 0.000010 0.062000 0.036510 0.004943 0.778229
0.124765 0.002252 0.835351 0.025814 0.005029 0.006788
0.137304 0.005209 0.824412 0.018252 0.013373 0.001450
0.060617 0.000010 0.922563 0.000010 0.013744 0.003056
0.254302 0.007950 0.703756 0.009787 0.000010 0.024195
0.000010 0.963798 0.010295 0.016361 0.006034 0.003502
0.001244 0.893903 0.101232 0.003601 0.000010 0.000010
0.125467 0.000010 0.830977 0.012816 0.004714 0.026016
0.124467 0.005360 0.821053 0.020955 0.011091 0.017074
0.015585 0.766881 0.073180 0.001066 0.000010 0.143278
0.074872 0.000010 0.892136 0.007030 0.000010 0.025942
0.093122 0.008160 0.882149 0.000010 0.002080 0.014479
0.714874 0.007887 0.206333 0.009622 0.025017 0.036266
0.083197 0.000621 0.899380 0.007294 0.000010 0.009498
0.000010 0.991380 0.008580 0.000010 0.000010 0.000010
0.054981 0.000010 0.926339 0.006702 0.010221 0.001747
0.022160 0.000010 0.954450 0.000010 0.011749 0.011621
0.046092 0.000010 0.937809 0.000387 0.004607 0.011095
0.242306 0.048611 0.290661 0.402414 0.009363 0.006645
0.000010 0.999948 0.000010 0.000010 0.000012 0.000010
0.109909 0.007543 0.858194 0.024334 0.000010 0.000010
0.161289 0.000010 0.804886 0.001928 0.016167 0.015720
0.065833 0.000010 0.589964 0.000010 0.044293 0.299891
0.122896 0.004557 0.834128 0.019094 0.000010 0.019314
0.026015 0.964687 0.000010 0.000437 0.000010 0.008841
0.010447 0.000010 0.014884 0.015528 0.044974 0.914157
0.062470 0.014051 0.044280 0.001837 0.108707 0.768656
0.055149 0.000010 0.905185 0.005275 0.000010 0.034372
0.115756 0.000327 0.873220 0.000010 0.010677 0.000010
0.053783 0.000010 0.916528 0.000010 0.000010 0.029659
0.016242 0.972564 0.004250 0.000010 0.000010 0.006924
0.100155 0.000010 0.127310 0.026336 0.089676 0.656513
0.115172 0.000010 0.106768 0.025082 0.013176 0.739792
0.345712 0.133003 0.206675 0.275001 0.015428 0.024180
0.049595 0.000010 0.934508 0.005459 0.000010 0.010418
0.041683 0.000010 0.930710 0.000013 0.000010 0.027574
0.034630 0.005390 0.937017 0.001623 0.021329 0.000010
0.000010 0.001423 0.989617 0.003368 0.001208 0.004374
0.093231 0.000010 0.498517 0.000010 0.009608 0.398625
0.325779 0.007142 0.642439 0.008588 0.001155 0.014897
0.030829 0.000010 0.061393 0.014397 0.046117 0.847254
0.065010 0.688591 0.240705 0.000010 0.003845 0.001840
0.083059 0.000010 0.899739 0.004512 0.009289 0.003391
0.029685 0.000010 0.946903 0.004304 0.019089 0.000010
0.244705 0.000010 0.734448 0.012201 0.004282 0.004354
0.435255 0.017259 0.479151 0.004443 0.002179 0.061713
0.136284 0.000256 0.847445 0.004781 0.011224 0.000010
0.094822 0.000010 0.115474 0.025849 0.013642 0.750203
0.000010 0.987127 0.003985 0.000663 0.000010 0.008204
0.000010 0.996391 0.000010 0.000010 0.003487 0.000092
0.073433 0.000010 0.184650 0.035907 0.000010 0.705990
0.000011 0.998524 0.000010 0.000010 0.001435 0.000010
0.008116 0.715396 0.261491 0.011869 0.000010 0.003117
0.096214 0.073103 0.035612 0.013431 0.065155 0.716485
0.071875 0.000010 0.882579 0.017800 0.000010 0.027726
0.013188 0.000010 0.016792 0.000010 0.048565 0.921435
0.000010 0.004389 0.976606 0.000010 0.000010 0.018975
0.122790 0.000010 0.114655 0.034441 0.005551 0.722554
0.076244 0.018847 0.180144 0.012277 0.303811 0.408677
0.334970 0.001823 0.599457 0.002303 0.011395 0.050052
0.039033 0.005200 0.433817 0.017529 0.053799 0.450620
0.095111 0.004873 0.848371 0.023765 0.022530 0.005351
0.141092 0.034756 0.298563 0.002448 0.145253 0.377887
0.015705 0.005057 0.937581 0.002129 0.000010 0.039518
0.771687 0.018492 0.146692 0.000010 0.019497 0.043621
0.054068 0.003426 0.897051 0.017931 0.004241 0.023283
0.000010 0.011002 0.026772 0.004031 0.087693 0.870492
0.042143 0.000010 0.921966 0.000010 0.018976 0.016894
0.031229 0.000010 0.022324 0.011464 0.052777 0.882196
0.071328 0.233618 0.654228 0.000010 0.016908 0.023907
0.007747 0.005713 0.000010 0.000010 0.080632 0.905888
0.000010 0.000010 0.002398 0.000010 0.997562 0.000010
0.765953 0.012295 0.126271 0.000010 0.004995 0.090476
0.132493 0.005388 0.825129 0.007646 0.000010 0.029334
0.194645 0.010088 0.770296 0.012105 0.012855 0.000010
0.000010 0.001001 0.000010 0.000010 0.990709 0.008259
0.000010 0.006725 0.000010 0.000010 0.076220 0.917025
0.180348 0.000010 0.800253 0.004823 0.005506 0.009060
0.033323 0.007244 0.942233 0.005473 0.000010 0.011716
0.442548 0.006921 0.524247 0.000010 0.019661 0.006613
0.144260 0.000012 0.841762 0.001421 0.000010 0.012535
0.004835 0.847348 0.144629 0.003168 0.000010 0.000010
0.000010 0.000597 0.000010 0.000010 0.999363 0.000010
0.018836 0.757453 0.217068 0.000015 0.000010 0.006618
0.000010 0.950321 0.046402 0.003019 0.000238 0.000010
0.032791 0.005591 0.918589 0.014564 0.028455 0.000010
0.041504 0.000010 0.917845 0.015594 0.000010 0.025036
0.010647 0.000010 0.015426 0.000010 0.039541 0.934366
0.001099 0.022049 0.000010 0.006709 0.082146 0.887987
0.149931 0.003135 0.807187 0.015913 0.006986 0.016848
0.019683 0.778745 0.199758 0.000010 0.000010 0.001794
0.076156 0.000010 0.875140 0.011423 0.000010 0.037262
0.000133 0.974655 0.025175 0.000010 0.000016 0.000010
0.071634 0.000010 0.903635 0.000010 0.005511 0.019200
0.078017 0.000010 0.887376 0.007580 0.008098 0.018919
0.007033 0.966757 0.022547 0.000010 0.003643 0.000010
0.430886 0.000010 0.088104 0.000780 0.081600 0.398619
0.286845 0.015445 0.693250 0.004440 0.000010 0.000010
0.119005 0.000010 0.830035 0.009844 0.005630 0.035475
0.066239 0.001534 0.896103 0.000010 0.006398 0.029716
0.550218 0.000010 0.394282 0.000010 0.006717 0.048763
0.032398 0.000010 0.000010 0.000010 0.040115 0.927457
0.058004 0.002834 0.901371 0.005195 0.000010 0.032586
0.010340 0.818509 0.171122 0.000010 0.000010 0.000010
0.506834 0.000010 0.424750 0.004617 0.000010 0.063778
0.002881 0.988114 0.002779 0.006206 0.000010 0.000010
0.044656 0.011751 0.931667 0.011907 0.000010 0.000010
0.000010 0.006185 0.975227 0.010443 0.000010 0.008125
0.001528 0.000010 0.962041 0.000237 0.000010 0.036174
0.756414 0.000010 0.121955 0.013448 0.000010 0.108163
0.029202 0.000010 0.291933 0.000010 0.183270 0.495575
0.000010 0.009451 0.016036 0.010709 0.081259 0.882534
0.100075 0.005336 0.884311 0.000010 0.009092 0.001176
0.050768 0.002026 0.894033 0.017036 0.000010 0.036127
0.000010 0.029900 0.000010 0.000010 0.890354 0.079716
0.001560 0.940847 0.028066 0.018115 0.000010 0.011402
0.031809 0.000010 0.152639 0.028455 0.006202 0.780885
0.151924 0.000010 0.789580 0.004628 0.000010 0.053848
0.008875 0.000010 0.970333 0.002377 0.001950 0.016454
0.107836 0.000010 0.841505 0.017737 0.000010 0.032903
0.000010 0.000010 0.000010 0.003705 0.996255 0.000010
0.033881 0.509144 0.447498 0.000010 0.000010 0.009458
0.000010 0.999024 0.000010 0.000010 0.000936 0.000010
0.057315 0.017916 0.900690 0.000010 0.005152 0.018917
0.020192 0.866050 0.105465 0.000987 0.007296 0.000010
0.001215 0.931918 0.066837 0.000010 0.000010 0.000010
0.099180 0.000010 0.041766 0.005591 0.024209 0.829244
0.009222 0.014023 0.958957 0.000010 0.005053 0.012736
0.402887 0.550794 0.000010 0.000010 0.028194 0.018105
0.201646 0.000010 0.775075 0.015000 0.008259 0.000010
0.001684 0.000010 0.971450 0.002274 0.000010 0.024572
0.605222 0.075460 0.069744 0.004860 0.000010 0.244704
0.716745 0.008874 0.213310 0.000010 0.028016 0.033046
0.121277 0.000010 0.068868 0.015826 0.043095 0.750924
0.745088 0.012433 0.195808 0.000010 0.018006 0.028655
0.001020 0.000010 0.038388 0.002193 0.085955 0.872433
0.000734 0.000010 0.981078 0.002771 0.015397 0.000010
0.023602 0.000010 0.962870 0.005720 0.000010 0.007787
0.122375 0.004324 0.846402 0.013204 0.013685 0.000010
0.146667 0.005607 0.812732 0.007136 0.027848 0.000010
0.117699 0.002164 0.868201 0.008858 0.003068 0.000010
0.036783 0.000010 0.933937 0.011101 0.000010 0.018159
0.758281 0.011167 0.177137 0.003703 0.013689 0.036023
0.000010 0.995282 0.004535 0.000010 0.000153 0.000010
0.130810 0.000010 0.104491 0.020009 0.014008 0.730672
0.000010 0.000010 0.000010 0.000010 0.999950 0.000010
0.524452 0.028221 0.398941 0.004645 0.000010 0.043732
0.568526 0.000010 0.116481 0.010608 0.000010 0.304365
0.121159 0.000010 0.109616 0.023627 0.006254 0.739335
0.000010 0.006805 0.110160 0.017941 0.059563 0.805522
0.018180 0.004702 0.932688 0.007171 0.010282 0.026977
0.021242 0.003276 0.018764 0.001153 0.073536 0.882029
0.014078 0.005881 0.970446 0.002909 0.006675 0.000010
0.012144 0.948013 0.000010 0.000010 0.017438 0.022384
0.000010 0.000010 0.982832 0.000010 0.000010 0.017128
0.090680 0.000010 0.093095 0.004579 0.023714 0.787922
0.171865 0.000010 0.792002 0.009308 0.000010 0.026805
0.002360 0.987396 0.009643 0.000581 0.000010 0.000010
0.000010 0.986796 0.009977 0.003197 0.000010 0.000010
0.266537 0.036278 0.339153 0.328266 0.001964 0.027802
0.000010 0.999950 0.000010 0.000010 0.000010 0.000010
0.114638 0.005513 0.820599 0.006351 0.002153 0.050745
0.044071 0.000010 0.912111 0.009571 0.000010 0.034227
0.062249 0.200656 0.472776 0.229731 0.005776 0.028812
0.095924 0.009905 0.887594 0.000010 0.001608 0.004959
0.004678 0.722508 0.008270 0.016742 0.030322 0.217480
0.008748 0.000010 0.955281 0.000010 0.008830 0.027121
0.008576 0.926088 0.065306 0.000010 0.000010 0.000010
0.000010 0.000010 0.019477 0.000781 0.934097 0.045624
0.108015 0.000010 0.807717 0.030058 0.021465 0.032735
0.003992 0.000010 0.000010 0.000010 0.066298 0.929680
0.009707 0.966322 0.007247 0.011007 0.002256 0.003461
0.140828 0.001940 0.794933 0.016774 0.009777 0.035748
0.012329 0.000010 0.955018 0.004950 0.013290 0.014402
0.103630 0.003219 0.840191 0.000687 0.000010 0.052262
0.107584 0.000010 0.860407 0.008961 0.004106 0.018931
0.000406 0.007382 0.000227 0.002494 0.895796 0.093694
0.000010 0.000010 0.848928 0.050447 0.062190 0.038415
0.064155 0.000010 0.895852 0.013881 0.019097 0.007005
0.103819 0.002003 0.870255 0.011489 0.000049 0.012385
0.058663 0.000010 0.861035 0.023554 0.017509 0.039229
0.002466 0.000010 0.978396 0.004140 0.003078 0.011909
0.064455 0.000010 0.134014 0.023535 0.036364 0.741622
0.473182 0.003429 0.506512 0.004118 0.000010 0.012749
0.040548 0.742577 0.209578 0.007277 0.000010 0.000010
0.039845 0.000010 0.947242 0.000010 0.005794 0.007098
0.087841 0.000010 0.843126 0.027358 0.000010 0.041655
0.375431 0.027002 0.567161 0.030134 0.000010 0.000262
0.018239 0.003819 0.962550 0.010444 0.002893 0.002056
0.036317 0.023589 0.011664 0.006634 0.058744 0.863053
0.022655 0.000010 0.933081 0.012885 0.000010 0.031358
0.298894 0.010586 0.645244 0.006927 0.010045 0.028305
0.094122 0.007245 0.114755 0.014428 0.020610 0.748840
0.000010 0.001019 0.000010 0.000010 0.998941 0.000010
0.024785 0.815888 0.147371 0.011937 0.000010 0.000010
0.007287 0.000010 0.974671 0.006573 0.000010 0.011449
0.051350 0.009139 0.924488 0.015003 0.000010 0.000010
0.049775 0.000010 0.912984 0.000010 0.000010 0.037211
0.012902 0.865982 0.116256 0.000018 0.000010 0.004832
0.179903 0.005562 0.777415 0.007350 0.008474 0.021297
0.638504 0.245468 0.105369 0.000010 0.010639 0.000010
0.000010 0.001970 0.016848 0.001184 0.948917 0.031071
0.048248 0.011185 0.912835 0.015695 0.004872 0.007164
0.067907 0.000010 0.161927 0.035787 0.015896 0.718474
0.541420 0.005804 0.403255 0.018198 0.004188 0.027135
0.138720 0.001589 0.843730 0.009957 0.003680 0.002324
0.000010 0.000010 0.963124 0.008130 0.002320 0.026407
0.039652 0.002552 0.946407 0.010906 0.000474 0.000010
0.035363 0.000010 0.916924 0.017347 0.000010 0.030347
0.120293 0.000010 0.857454 0.022223 0.000010 0.000010
0.114428 0.005448 0.839417 0.026685 0.014013 0.000010
0.021687 0.000010 0.957849 0.000010 0.007131 0.013313
0.078943 0.000010 0.203462 0.018003 0.000010 0.699572
0.000010 0.009989 0.036219 0.000094 0.073933 0.879755
0.106772 0.000010 0.820274 0.020718 0.012657 0.039569
0.047157 0.001625 0.928599 0.000010 0.016873 0.005736
0.309815 0.006277 0.640870 0.002807 0.012671 0.027560
0.267199 0.004109 0.713355 0.002528 0.012799 0.000010
0.381995 0.017601 0.593764 0.006620 0.000010 0.000010
0.061843 0.004252 0.912723 0.002075 0.019097 0.000010
0.000010 0.867078 0.086166 0.022560 0.008365 0.015822
0.029860 0.000010 0.937418 0.017188 0.007795 0.007728
0.003744 0.994760 0.000010 0.000010 0.001466 0.000010
0.124158 0.000010 0.861565 0.000010 0.014247 0.000010
0.647851 0.193511 0.142031 0.008170 0.008427 0.000010
0.527296 0.016533 0.418117 0.012445 0.000010 0.025599
0.264307 0.011486 0.711652 0.001752 0.010793 0.000010
0.760687 0.007711 0.152239 0.001474 0.023197 0.054693
0.071546 0.000010 0.913638 0.014787 0.000010 0.000010
0.335869 0.436973 0.000010 0.000010 0.035596 0.191542
0.000977 0.494577 0.000010 0.000010 0.504416 0.000010
0.007397 0.991158 0.000010 0.001415 0.000010 0.000010
0.010092 0.010489 0.032123 0.021225 0.074182 0.851889
0.028203 0.000517 0.952736 0.006853 0.000010 0.011681
0.006077 0.012474 0.000010 0.000010 0.117157 0.864272
0.461091 0.008433 0.501019 0.000010 0.019587 0.009861
0.028264 0.000010 0.956182 0.000010 0.000010 0.015524
0.000010 0.006278 0.961036 0.007642 0.000867 0.024167
0.053162 0.000010 0.907929 0.015688 0.000010 0.023202
0.014680 0.825847 0.130359 0.014605 0.014499 0.000010
0.000010 0.998868 0.000010 0.001092 0.000010 0.000010
0.234651 0.000010 0.730431 0.022711 0.012187 0.000010
0.043842 0.000010 0.935326 0.016828 0.003983 0.000010
0.070695 0.005523 0.911622 0.005304 0.005683 0.001173
0.034851 0.000010 0.953410 0.003935 0.000010 0.007785
0.057718 0.000010 0.921940 0.000010 0.000010 0.020311
0.075482 0.000010 0.893912 0.005484 0.009118 0.015994
0.186375 0.060459 0.233709 0.502334 0.017113 0.000010
0.011123 0.002243 0.031633 0.000010 0.183149 0.771842
0.036634 0.002667 0.920623 0.005978 0.000010 0.034088
0.000010 0.000010 0.000010 0.000010 0.115164 0.884796
0.503062 0.016201 0.302152 0.018327 0.019532 0.140726
0.167336 0.000010 0.812655 0.019979 0.000010 0.000010
0.000865 0.985326 0.006581 0.000010 0.000010 0.007207
0.083880 0.003030 0.883201 0.004113 0.000010 0.025766
0.021698 0.023474 0.002843 0.000010 0.117701 0.834274
0.013846 0.913034 0.069677 0.000010 0.003424 0.000010
0.080396 0.000010 0.131740 0.041042 0.000010 0.746801
0.199516 0.001349 0.723427 0.000010 0.033426 0.042272
0.006536 0.915045 0.073404 0.004988 0.000016 0.000010
0.118062 0.000010 0.814764 0.033029 0.000010 0.034125
0.693153 0.008741 0.229871 0.000010 0.031186 0.037039
0.283659 0.026877 0.661457 0.003790 0.022345 0.001871
0.000010 0.000010 0.000010 0.000010 0.999950 0.000010
0.055919 0.000010 0.896018 0.000010 0.011686 0.036358
0.445419 0.000010 0.502919 0.020562 0.016586 0.014504
0.002044 0.997916 0.000010 0.000010 0.000010 0.000010
0.117354 0.000010 0.854539 0.002237 0.006330 0.019529
0.070693 0.000010 0.914619 0.004330 0.000010 0.010338
0.000010 0.997806 0.000010 0.000010 0.002154 0.000010
0.205955 0.000010 0.774408 0.013145 0.001769 0.004714
0.009017 0.144997 0.562848 0.000010 0.206914 0.076213
0.066814 0.007537 0.920983 0.004645 0.000010 0.000010
0.022154 0.008210 0.918682 0.016536 0.005757 0.028660
0.003185 0.870865 0.123007 0.001622 0.000010 0.001311
0.000010 0.000010 0.971746 0.011229 0.015126 0.001879
0.000010 0.000010 0.000010 0.004422 0.995538 0.000010
0.116681 0.000010 0.820213 0.009440 0.018234 0.035422
0.005837 0.991004 0.000010 0.003129 0.000010 0.000010
0.100401 0.006083 0.141541 0.029956 0.000134 0.721887
0.080208 0.003462 0.902119 0.011650 0.000010 0.002551
0.028120 0.011851 0.934030 0.015597 0.000010 0.010392
0.329395 0.013229 0.626731 0.009501 0.002932 0.018212
0.047978 0.000010 0.912292 0.000010 0.009301 0.030409
0.384961 0.000010 0.586273 0.012996 0.002658 0.013102
0.090752 0.000010 0.898981 0.004551 0.000010 0.005696
0.033985 0.000010 0.961210 0.004775 0.000010 0.000010
0.075122 0.007660 0.899735 0.003693 0.000010 0.013780
0.231657 0.000010 0.052768 0.007685 0.032617 0.675264
0.014682 0.006189 0.970716 0.000010 0.008393 0.000010
0.150757 0.000010 0.102484 0.066179 0.390353 0.290217
0.095788 0.000010 0.826253 0.029666 0.008979 0.039304
0.000010 0.000010 0.014180 0.005446 0.082520 0.897834
0.248551 0.000010 0.742373 0.000872 0.007643 0.000550
0.023615 0.002525 0.945950 0.020118 0.002007 0.005786
0.023245 0.010487 0.935501 0.011361 0.003982 0.015425
0.509012 0.458972 0.000010 0.001999 0.018128 0.011880
0.005279 0.920354 0.074336 0.000010 0.000010 0.000010
0.024681 0.000010 0.922099 0.004400 0.009105 0.039704
0.066717 0.000010 0.902652 0.015203 0.010269 0.005148
0.009308 0.000010 0.983842 0.004543 0.002287 0.000010
0.036316 0.193939 0.740357 0.005070 0.000010 0.024308
0.110083 0.010519 0.084176 0.024199 0.009419 0.761603
0.018684 0.863403 0.103632 0.010053 0.001731 0.002498
0.000010 0.999950 0.000010 0.000010 0.000010 0.000010
0.097073 0.008234 0.876467 0.000010 0.018206 0.000010
0.556710 0.000010 0.376809 0.012851 0.000010 0.053610
0.145451 0.009527 0.837577 0.003091 0.004344 0.000010
0.167693 0.011282 0.759003 0.025710 0.000010 0.036302
0.000018 0.960289 0.032829 0.006293 0.000562 0.000010
0.143309 0.000010 0.820591 0.003131 0.001799 0.031159
0.140355 0.095815 0.364506 0.000010 0.225280 0.174034
0.095796 0.000010 0.875766 0.004707 0.001252 0.022468
0.000010 0.991734 0.008217 0.000019 0.000010 0.000010
0.072134 0.000010 0.103884 0.019578 0.015767 0.788627
0.228134 0.243166 0.504875 0.004355 0.000010 0.019460
0.000010 0.997877 0.000010 0.000010 0.002083 0.000010
0.157042 0.000010 0.832708 0.000010 0.003293 0.006937
0.096783 0.004366 0.877040 0.013512 0.001043 0.007256
0.004969 0.970873 0.015560 0.002408 0.000010 0.006180
0.002568 0.000010 0.002744 0.000010 0.135257 0.859412
0.050368 0.000010 0.903865 0.000512 0.000010 0.045235
0.093744 0.004517 0.137188 0.036537 0.005140 0.722873
0.132269 0.005389 0.832741 0.014692 0.004741 0.010168
0.000010 0.993970 0.000010 0.002964 0.000010 0.003036
0.584983 0.000010 0.122356 0.032194 0.087140 0.173316
0.008023 0.872147 0.111165 0.003706 0.000010 0.004950
0.014856 0.005481 0.036847 0.018018 0.182268 0.742531
0.000010 0.000092 0.977413 0.003796 0.005219 0.013470
0.004009 0.000719 0.000010 0.001570 0.993683 0.000010
0.105029 0.000010 0.184668 0.035607 0.000769 0.673917
0.085781 0.000010 0.893429 0.015136 0.005633 0.000010
0.207452 0.068101 0.165120 0.531910 0.020429 0.006988
0.005160 0.004247 0.008908 0.000010 0.042989 0.938686
0.000010 0.005209 0.024079 0.000010 0.114443 0.856249
0.008223 0.931749 0.055967 0.002609 0.001442 0.000010
0.088439 0.000010 0.886173 0.019318 0.000010 0.006049
0.039676 0.000010 0.497687 0.030544 0.007828 0.424255
0.150232 0.000010 0.821666 0.011493 0.016590 0.000010
0.085830 0.000010 0.857060 0.013957 0.013035 0.030107
0.019190 0.000010 0.930260 0.012058 0.000010 0.038473
0.112331 0.000010 0.875397 0.012241 0.000010 0.000010
0.062074 0.000010 0.916624 0.005081 0.000010 0.016201
0.070232 0.005685 0.911712 0.000010 0.012351 0.000010
0.011012 0.005045 0.123326 0.024740 0.045758 0.790119
0.332945 0.037081 0.629943 0.000010 0.000010 0.000010
0.121783 0.003793 0.066972 0.028784 0.005007 0.773663
0.076239 0.000010 0.874339 0.016570 0.002285 0.030557
0.091286 0.000010 0.892445 0.002261 0.000010 0.013988
0.086647 0.000010 0.866768 0.012936 0.001428 0.032212
0.536755 0.000010 0.410206 0.014164 0.000010 0.038855
0.035693 0.005221 0.926680 0.010570 0.004366 0.017470
0.633825 0.010239 0.286963 0.000870 0.000010 0.068093
0.056553 0.000010 0.902542 0.011543 0.000010 0.029342
0.151834 0.000010 0.799944 0.000010 0.021198 0.027004
0.231384 0.000095 0.196935 0.043845 0.000010 0.527731
0.035266 0.000010 0.946182 0.015313 0.000010 0.003219
0.020709 0.000010 0.938528 0.000010 0.002291 0.038451
0.000010 0.010646 0.959832 0.001668 0.003456 0.024387
0.000010 0.000010 0.981609 0.018351 0.000010 0.000010
0.073179 0.192465 0.641283 0.000010 0.009184 0.083879
0.123267 0.011563 0.853926 0.000010 0.011223 0.000010
0.067664 0.000010 0.914592 0.011815 0.003960 0.001960
0.246599 0.000010 0.724380 0.010811 0.006367 0.011833
0.191966 0.000010 0.775333 0.017398 0.001496 0.013797
0.000010 0.002563 0.950445 0.007026 0.000010 0.039947
0.000010 0.000010 0.187543 0.009163 0.077176 0.726098
0.042203 0.012285 0.931158 0.000391 0.013953 0.000010
0.056532 0.004912 0.915415 0.020082 0.000010 0.003049
0.081729 0.000010 0.911059 0.001112 0.006080 0.000010
0.136945 0.000010 0.086041 0.023600 0.003910 0.749494
0.063469 0.010615 0.916198 0.009698 0.000010 0.000010
0.048239 0.000010 0.928985 0.004309 0.000010 0.018447
0.000010 0.999950 0.000010 0.000010 0.000010 0.000010
0.028457 0.000010 0.931212 0.002120 0.000010 0.038191
0.097963 0.000658 0.595966 0.000010 0.046077 0.259326
0.062782 0.000010 0.165729 0.037236 0.006176 0.728067
0.111511 0.000010 0.130497 0.030830 0.000010 0.727141
0.012527 0.951146 0.034824 0.001483 0.000010 0.000010
0.093703 0.002028 0.099580 0.037525 0.006372 0.760791
0.363086 0.037901 0.583863 0.000010 0.015130 0.000010
0.484516 0.284883 0.204110 0.000010 0.013860 0.012620
0.029359 0.000010 0.949465 0.001315 0.014495 0.005356
0.205308 0.000010 0.387817 0.003027 0.091689 0.312149
0.024186 0.902366 0.069727 0.000010 0.003701 0.000010
0.007557 0.501270 0.460885 0.005724 0.002797 0.021766
0.146497 0.006304 0.810203 0.012909 0.000010 0.024077
0.000010 0.000010 0.010946 0.000010 0.044312 0.944713
0.132408 0.000687 0.151438 0.024903 0.035599 0.654965
0.000817 0.000010 0.000010 0.000010 0.999143 0.000010
0.000010 0.000010 0.000010 0.000010 0.072179 0.927781
0.080745 0.000010 0.870154 0.015468 0.016135 0.017488
0.075796 0.013861 0.897157 0.013166 0.000010 0.000010
0.093344 0.002540 0.888463 0.000010 0.000010 0.015633
0.056288 0.000010 0.921833 0.010473 0.000010 0.011387
0.000010 0.004264 0.986907 0.003924 0.004885 0.000010
0.464802 0.000010 0.498883 0.007904 0.013293 0.015108
0.236472 0.055275 0.622601 0.068292 0.017350 0.000010
0.096963 0.011341 0.877958 0.005658 0.008069 0.000010
0.088642 0.001794 0.904110 0.000010 0.005434 0.000010
0.026609 0.000181 0.945897 0.015491 0.000010 0.011811
0.000332 0.000469 0.023628 0.002470 0.139681 0.833419
0.741011 0.001530 0.206464 0.000010 0.026457 0.024528
0.096347 0.000108 0.887175 0.000010 0.013899 0.002460
0.258855 0.027688 0.343946 0.362380 0.007120 0.000010
0.571828 0.000010 0.096030 0.021289 0.013098 0.297745
0.715144 0.000010 0.242630 0.000010 0.032774 0.009432
0.787046 0.005423 0.169734 0.000010 0.017331 0.020456
0.070347 0.003522 0.901692 0.017801 0.000010 0.006628
0.010266 0.000010 0.962184 0.008910 0.000010 0.018620
0.067095 0.000010 0.926147 0.002491 0.004247 0.000010
0.020726 0.000010 0.940070 0.000010 0.012628 0.026556
0.056825 0.006184 0.904438 0.001892 0.000010 0.030650
0.000010 0.998663 0.000010 0.000010 0.001297 0.000010
0.021519 0.000010 0.930445 0.011463 0.000010 0.036553
0.000010 0.000010 0.000010 0.000010 0.088043 0.911917
0.000010 0.000010 0.000010 0.002556 0.997404 0.000010
0.051557 0.000010 0.919263 0.010066 0.003560 0.015543
0.305150 0.000010 0.659859 0.003212 0.015431 0.016339
0.066519 0.012666 0.913025 0.000014 0.007765 0.000010
0.184768 0.000010 0.119175 0.054819 0.146963 0.494265
0.049638 0.000010 0.927854 0.000010 0.022478 0.000010
0.760502 0.026865 0.178213 0.026442 0.006990 0.000988
0.001195 0.996255 0.000010 0.002519 0.000011 0.000010
0.276739 0.000016 0.689001 0.011935 0.000010 0.022299
0.000010 0.999950 0.000010 0.000010 0.000010 0.000010
0.011029 0.457113 0.524330 0.007508 0.000010 0.000010
0.064540 0.003884 0.437219 0.000545 0.492786 0.001026
0.092433 0.008611 0.879254 0.000010 0.019682 0.000010
0.073774 0.006214 0.103941 0.027950 0.031275 0.756846
0.620260 0.000010 0.350756 0.006565 0.002228 0.020180
0.015708 0.001524 0.000010 0.006298 0.101637 0.874824
0.000010 0.003463 0.031896 0.013703 0.088066 0.862861
0.540804 0.014693 0.405202 0.006813 0.000010 0.032478
0.000010 0.000010 0.000010 0.000010 0.999950 0.000010
0.083130 0.463780 0.425719 0.016294 0.011067 0.000010
0.000618 0.009622 0.010770 0.000010 0.949776 0.029203
0.002135 0.011588 0.956060 0.003046 0.010138 0.017034
0.008871 0.000010 0.961661 0.008569 0.010094 0.010794
0.097669 0.000010 0.139080 0.022432 0.040948 0.699860
0.541029 0.000010 0.115676 0.023310 0.004683 0.315292
0.019532 0.000010 0.962695 0.000490 0.017263 0.000010
0.014749 0.927826 0.037345 0.010393 0.000010 0.009677
0.031245 0.000010 0.014402 0.000010 0.058508 0.895824
0.099755 0.159002 0.377020 0.015349 0.043848 0.305026
0.000010 0.000617 0.965028 0.015306 0.001476 0.017563
0.027213 0.000010 0.069359 0.015396 0.052333 0.835688
0.000010 0.002834 0.963865 0.013031 0.000010 0.020250
0.787916 0.008235 0.156666 0.012983 0.022724 0.011477
0.120965 0.007411 0.835220 0.000422 0.025267 0.010716
0.000010 0.997150 0.000010 0.000010 0.002810 0.000010
0.075228 0.000010 0.886192 0.013089 0.005540 0.019941
0.092833 0.002630 0.863441 0.000010 0.000010 0.041076
0.000010 0.000010 0.964918 0.011061 0.000010 0.023991
0.027064 0.004558 0.058035 0.024902 0.051742 0.833699
0.438866 0.001484 0.534106 0.000010 0.019712 0.005822
0.036851 0.001235 0.935430 0.002869 0.000010 0.023605
0.052265 0.005631 0.920174 0.004457 0.000301 0.017173
0.116880 0.000010 0.882007 0.000010 0.001083 0.000010
0.061927 0.003632 0.863768 0.020348 0.000010 0.050315
0.082855 0.002278 0.095455 0.012866 0.040651 0.765895
0.747549 0.009439 0.192341 0.017255 0.006868 0.026548
0.376030 0.018526 0.558798 0.005033 0.000010 0.041603
0.083401 0.000010 0.888981 0.002235 0.005338 0.020034
0.003144 0.005944 0.000010 0.000010 0.836040 0.154852
0.068831 0.008649 0.906795 0.005848 0.000890 0.008986
0.624861 0.180284 0.175097 0.000010 0.019739 0.000010
0.100478 0.002296 0.122838 0.029225 0.001027 0.744136
0.118751 0.000010 0.061388 0.007132 0.031579 0.781139
0.083297 0.004808 0.886201 0.000010 0.015662 0.010023
0.078071 0.000010 0.913665 0.000697 0.000010 0.007547
0.163711 0.000010 0.771355 0.016301 0.008016 0.040607
0.000010 0.965775 0.000010 0.034185 0.000010 0.000010
0.135215 0.001917 0.793577 0.040012 0.008970 0.020310
0.108310 0.002286 0.149059 0.027850 0.010253 0.702242
0.307717 0.006517 0.669687 0.003277 0.012793 0.000010
0.067049 0.019595 0.876908 0.023442 0.009871 0.003136
0.089958 0.388378 0.492894 0.003957 0.022726 0.002087
0.005934 0.009952 0.016780 0.020344 0.118016 0.828973
0.040735 0.000010 0.920850 0.005440 0.000010 0.032956
0.000010 0.963998 0.020095 0.014982 0.000010 0.000906
0.073764 0.000010 0.865561 0.015305 0.000010 0.045350
0.181849 0.000010 0.806661 0.000010 0.011460 0.000010
0.090454 0.000010 0.145385 0.017126 0.019694 0.727331
0.076271 0.000010 0.899168 0.017436 0.000010 0.007105
0.201898 0.063049 0.175287 0.530070 0.023642 0.006054
0.241006 0.013692 0.335609 0.004719 0.004353 0.400620
0.059388 0.000010 0.910851 0.000010 0.001999 0.027742
0.024927 0.001159 0.942858 0.012435 0.006699 0.011921
0.204819 0.012985 0.762340 0.002347 0.009340 0.008169
0.619011 0.200781 0.158862 0.000010 0.021327 0.000010
0.045657 0.000010 0.936850 0.005310 0.000010 0.012162
0.082601 0.000010 0.196191 0.035681 0.000010 0.685507
0.050943 0.000010 0.196686 0.019937 0.008084 0.724340
0.005548 0.905484 0.077753 0.004749 0.002485 0.003980
0.000010 0.000010 0.000010 0.015615 0.984345 0.000010
0.024413 0.822665 0.137556 0.015346 0.000010 0.000010
0.347248 0.041363 0.607727 0.003208 0.000444 0.000010
0.121771 0.000010 0.067666 0.025614 0.019448 0.765491
0.180040 0.014217 0.782151 0.008917 0.000010 0.014665
0.000010 0.908851 0.083132 0.000010 0.000010 0.007988
0.091114 0.014170 0.860805 0.008437 0.013387 0.012087
0.000010 0.006219 0.850649 0.057582 0.051013 0.034527
0.091370 0.002912 0.131992 0.063604 0.362007 0.348116
0.063093 0.000010 0.910519 0.000010 0.011230 0.015139
0.000010 0.993081 0.006879 0.000010 0.000010 0.000010
0.212281 0.015484 0.193719 0.552339 0.013898 0.012279
0.118753 0.024200 0.769035 0.020797 0.013448 0.053766
0.129559 0.003895 0.847747 0.001824 0.000109 0.016865
0.096298 0.005655 0.873857 0.004701 0.019479 0.000010
0.111352 0.000010 0.874006 0.001032 0.000010 0.013590
0.006910 0.950362 0.036057 0.003005 0.002208 0.001458
0.151689 0.005818 0.829425 0.006106 0.000010 0.006951
0.006392 0.886015 0.054873 0.000010 0.005082 0.047628
0.056757 0.396819 0.309894 0.011346 0.225173 0.000010
0.110123 0.000010 0.801586 0.027628 0.000010 0.060643
0.000373 0.000010 0.000010 0.000010 0.999587 0.000010
0.341150 0.018716 0.627672 0.004277 0.008175 0.000010
0.123965 0.006928 0.826678 0.012366 0.002331 0.027734
0.158706 0.002525 0.793155 0.019088 0.000010 0.026515
0.095775 0.483630 0.211992 0.001558 0.062259 0.144786
0.108673 0.000010 0.109597 0.019329 0.024302 0.738087
0.016614 0.000010 0.959665 0.000010 0.001714 0.021987
0.117923 0.006087 0.840042 0.017109 0.009756 0.009083
0.073498 0.585221 0.321926 0.000010 0.006727 0.012618
0.000010 0.000010 0.000010 0.000010 0.999950 0.000010
0.090452 0.000010 0.162735 0.027930 0.006493 0.712379
0.058500 0.000010 0.908682 0.018717 0.002843 0.011248
0.081312 0.000047 0.883958 0.031353 0.000010 0.003320
0.078351 0.000010 0.895042 0.002792 0.002583 0.021223
0.022035 0.000010 0.942541 0.000010 0.000010 0.035393
0.000010 0.001586 0.000010 0.020767 0.977617 0.000010
0.080220 0.000010 0.135704 0.037716 0.017315 0.729035
0.081778 0.000010 0.166768 0.024542 0.005818 0.721084
0.081493 0.009975 0.106407 0.012504 0.049835 0.739787
0.312149 0.000010 0.653402 0.018209 0.000010 0.016220
0.011075 0.971462 0.013768 0.000010 0.003674 0.000010
0.108779 0.000010 0.737811 0.045358 0.068003 0.040040
0.060008 0.007347 0.892432 0.007855 0.000010 0.032348
0.467235 0.000010 0.464167 0.000010 0.001332 0.067247
0.072649 0.006884 0.903038 0.000010 0.003985 0.013435
0.079736 0.004591 0.889320 0.000119 0.006995 0.019239
0.016234 0.947693 0.016864 0.017720 0.001478 0.000010
0.041623 0.000010 0.933797 0.007667 0.000010 0.016893
0.132504 0.004403 0.780171 0.052443 0.030469 0.000010
0.118371 0.000010 0.829933 0.014927 0.010756 0.026004
0.004470 0.012633 0.000010 0.000010 0.069942 0.912935
0.000010 0.000010 0.000010 0.016404 0.923348 0.060218
0.122021 0.000010 0.076487 0.043129 0.012132 0.746222
0.592427 0.009336 0.078113 0.014745 0.020082 0.285297
0.000010 0.999454 0.000010 0.000010 0.000506 0.000010
0.437149 0.000010 0.542405 0.016661 0.003765 0.000010
0.089472 0.001094 0.131068 0.033349 0.004455 0.740562
0.065184 0.000010 0.028291 0.021390 0.039802 0.845322
0.091941 0.000010 0.881251 0.008414 0.000010 0.018374
0.206711 0.003441 0.119216 0.047735 0.047748 0.575150
0.002113 0.996304 0.000249 0.000010 0.000010 0.001313
0.105106 0.000010 0.078003 0.021522 0.005192 0.790167
0.004731 0.981247 0.011433 0.000948 0.000010 0.001631
0.044575 0.000010 0.059996 0.014560 0.042268 0.838590
0.215346 0.010654 0.743994 0.018815 0.000010 0.011180
0.214082 0.000010 0.774520 0.011367 0.000010 0.000010
0.016889 0.000010 0.935292 0.011290 0.000010 0.036509
0.000010 0.000010 0.000010 0.000010 0.999950 0.000010
0.080098 0.000010 0.136098 0.025380 0.025025 0.733390
0.127603 0.000010 0.827824 0.011399 0.013872 0.019291
0.121361 0.000010 0.865356 0.000010 0.009676 0.003587
0.078557 0.425267 0.475951 0.016409 0.000010 0.003805
0.057777 0.000010 0.038438 0.004155 0.062465 0.837155
0.004934 0.002082 0.001808 0.019045 0.484844 0.487286
0.014936 0.008998 0.000010 0.002821 0.087632 0.885603
0.000010 0.004250 0.000010 0.004386 0.933259 0.058084
0.050386 0.000010 0.928921 0.006199 0.000010 0.014474
0.593056 0.015655 0.323943 0.009024 0.000010 0.058313
0.460642 0.000010 0.524047 0.005035 0.010256 0.000010
0.352372 0.019916 0.606121 0.011959 0.009622 0.000010
0.028748 0.007245 0.963977 0.000010 0.000010 0.000010
0.004685 0.000010 0.458005 0.000311 0.529907 0.007082
0.050391 0.000010 0.907395 0.000010 0.017450 0.024744
0.055927 0.000921 0.918257 0.009275 0.000010 0.015609
0.269366 0.000010 0.499989 0.005369 0.000010 0.225256
0.001682 0.010311 0.008342 0.010925 0.100700 0.868039
0.110604 0.000010 0.841866 0.007817 0.008212 0.031491
0.071344 0.000010 0.868107 0.045670 0.000010 0.014858
0.035692 0.000010 0.945232 0.003151 0.000010 0.015906
0.000010 0.000010 0.042571 0.000010 0.182118 0.775281
0.065332 0.000010 0.049107 0.021777 0.048942 0.814832
0.004701 0.981265 0.000010 0.000010 0.007701 0.006313
0.030132 0.008713 0.001341 0.000010 0.920430 0.039375
0.055249 0.000010 0.887940 0.023852 0.022904 0.010045
0.095437 0.000010 0.884046 0.016177 0.000010 0.004320
0.000010 0.000481 0.000010 0.000010 0.986801 0.012689
0.039130 0.000010 0.927205 0.001222 0.000010 0.032423
0.065018 0.000554 0.127425 0.026940 0.028664 0.751398
0.638562 0.176550 0.179699 0.004222 0.000957 0.000010
0.002714 0.000010 0.000010 0.000010 0.997246 0.000010
0.000010 0.000010 0.010319 0.000010 0.052258 0.937393
0.000010 0.001123 0.000010 0.000010 0.993871 0.004976
0.005959 0.994001 0.000010 0.000010 0.000010 0.000010
0.127574 0.000753 0.103708 0.018562 0.031718 0.717685
0.717793 0.010728 0.211351 0.009681 0.007555 0.042892
0.019752 0.010692 0.950978 0.008249 0.000010 0.010319
0.427852 0.384050 0.123466 0.001996 0.021813 0.040824
0.060936 0.000010 0.920588 0.003377 0.000010 0.015079
0.052307 0.000010 0.939593 0.002270 0.005811 0.000010
0.106233 0.667321 0.208604 0.000010 0.000010 0.017822
0.046526 0.003538 0.054428 0.017589 0.036034 0.841885
0.249194 0.007462 0.725377 0.006835 0.000010 0.011122
0.026402 0.477430 0.465440 0.015062 0.015655 0.000010
0.000010 0.999950 0.000010 0.000010 0.000010 0.000010
0.419503 0.000010 0.491132 0.000010 0.000010 0.089336
0.000010 0.999517 0.000010 0.000443 0.000010 0.000010
0.037324 0.000010 0.920920 0.006258 0.000010 0.035478
0.070211 0.004400 0.879727 0.000350 0.000010 0.045301
